0.333333333333 0.333333333333 0.333333333333 0.051622646664
0.496135894741 0.496135894741 0.007728210518 0.009941476361
0.469608689653 0.469608689653 0.060782620693 0.032781241604
0.231110284949 0.231110284949 0.537779430102 0.046062409593
0.414477570279 0.414477570279 0.171044859442 0.046947095542
0.113559912572 0.113559912572 0.772880174856 0.030903097976
0.024895931491 0.024895931491 0.950208137018 0.008029399795
0.496135894741 0.007728210518 0.496135894741 0.009941476361
0.469608689653 0.060782620693 0.469608689653 0.032781241604
0.231110284949 0.537779430102 0.231110284949 0.046062409593
0.414477570279 0.171044859442 0.414477570279 0.046947095542
0.113559912572 0.772880174856 0.113559912572 0.030903097976
0.024895931491 0.950208137018 0.024895931491 0.008029399795
0.007728210518 0.496135894741 0.496135894741 0.009941476361
0.060782620693 0.469608689653 0.469608689653 0.032781241604
0.537779430102 0.231110284949 0.231110284949 0.046062409593
0.171044859442 0.414477570279 0.414477570279 0.046947095542
0.772880174856 0.113559912572 0.113559912572 0.030903097976
0.950208137018 0.024895931491 0.024895931491 0.008029399795
0.018988004384 0.292078688577 0.688933307040 0.018125498646
0.097736031066 0.266745253310 0.635518715624 0.037211960457
0.021966344207 0.126799775784 0.851233880010 0.015393072684
0.688933307040 0.018988004384 0.292078688577 0.018125498646
0.635518715624 0.097736031066 0.266745253310 0.037211960457
0.851233880010 0.021966344207 0.126799775784 0.015393072684
0.292078688577 0.688933307040 0.018988004384 0.018125498646
0.266745253310 0.635518715624 0.097736031066 0.037211960457
0.126799775784 0.851233880010 0.021966344207 0.015393072684
0.292078688577 0.018988004384 0.688933307040 0.018125498646
0.266745253310 0.097736031066 0.635518715624 0.037211960457
0.126799775784 0.021966344207 0.851233880010 0.015393072684
0.688933307040 0.292078688577 0.018988004384 0.018125498646
0.635518715624 0.266745253310 0.097736031066 0.037211960457
0.851233880010 0.126799775784 0.021966344207 0.015393072684
0.018988004384 0.688933307040 0.292078688577 0.018125498646
0.097736031066 0.635518715624 0.266745253310 0.037211960457
0.021966344207 0.851233880010 0.126799775784 0.015393072684
