0.333333333333 0.333333333333 0.333333333333 0.097135796283
0.489682519199 0.489682519199 0.020634961603 0.031334700227
0.437089591493 0.437089591493 0.125820817014 0.077827541005
0.188203535619 0.188203535619 0.623592928762 0.079647738927
0.044729513394 0.044729513394 0.910540973211 0.025577675659
0.489682519199 0.020634961603 0.489682519199 0.031334700227
0.437089591493 0.125820817014 0.437089591493 0.077827541005
0.188203535619 0.623592928762 0.188203535619 0.079647738927
0.044729513394 0.910540973211 0.044729513394 0.025577675659
0.020634961603 0.489682519199 0.489682519199 0.031334700227
0.125820817014 0.437089591493 0.437089591493 0.077827541005
0.623592928762 0.188203535619 0.188203535619 0.079647738927
0.910540973211 0.044729513394 0.044729513394 0.025577675659
0.036838412055 0.741198598784 0.221962989161 0.043283539377
0.221962989161 0.036838412055 0.741198598784 0.043283539377
0.741198598784 0.221962989161 0.036838412055 0.043283539377
0.741198598784 0.036838412055 0.221962989161 0.043283539377
0.221962989161 0.741198598784 0.036838412055 0.043283539377
0.036838412055 0.221962989161 0.741198598784 0.043283539377
