0.250000000000 0.250000000000 0.250000000000 0.250000000000 0.058010548912
0.000000000620 0.000000000620 0.000000000620 0.999999998141 0.000064319282
0.160774535395 0.160774535395 0.160774535395 0.517676393814 0.023173338462
0.322276521821 0.322276521821 0.322276521821 0.033170434536 0.029562912335
0.045108918345 0.045108918345 0.045108918345 0.864673244964 0.008063979980
0.000000000620 0.000000000620 0.999999998141 0.000000000620 0.000064319282
0.160774535395 0.160774535395 0.517676393814 0.160774535395 0.023173338462
0.322276521821 0.322276521821 0.033170434536 0.322276521821 0.029562912335
0.045108918345 0.045108918345 0.864673244964 0.045108918345 0.008063979980
0.000000000620 0.999999998141 0.000000000620 0.000000000620 0.000064319282
0.160774535395 0.517676393814 0.160774535395 0.160774535395 0.023173338462
0.322276521821 0.033170434536 0.322276521821 0.322276521821 0.029562912335
0.045108918345 0.864673244964 0.045108918345 0.045108918345 0.008063979980
0.999999998141 0.000000000620 0.000000000620 0.000000000620 0.000064319282
0.517676393814 0.160774535395 0.160774535395 0.160774535395 0.023173338462
0.033170434536 0.322276521821 0.322276521821 0.322276521821 0.029562912335
0.864673244964 0.045108918345 0.045108918345 0.045108918345 0.008063979980
0.112296546004 0.112296546004 0.387703453996 0.387703453996 0.038134080104
0.112296546004 0.387703453996 0.112296546004 0.387703453996 0.038134080104
0.387703453996 0.112296546004 0.112296546004 0.387703453996 0.038134080104
0.112296546004 0.387703453996 0.387703453996 0.112296546004 0.038134080104
0.387703453996 0.112296546004 0.387703453996 0.112296546004 0.038134080104
0.387703453996 0.387703453996 0.112296546004 0.112296546004 0.038134080104
0.458871448752 0.458871448752 0.002554579233 0.079702523262 0.008384422198
0.033775870685 0.033775870685 0.718350326442 0.214097932187 0.010234559353
0.183641369810 0.183641369810 0.034415910578 0.598301349802 0.020524915968
0.458871448752 0.002554579233 0.458871448752 0.079702523262 0.008384422198
0.033775870685 0.718350326442 0.033775870685 0.214097932187 0.010234559353
0.183641369810 0.034415910578 0.183641369810 0.598301349802 0.020524915968
0.002554579233 0.458871448752 0.458871448752 0.079702523262 0.008384422198
0.718350326442 0.033775870685 0.033775870685 0.214097932187 0.010234559353
0.034415910578 0.183641369810 0.183641369810 0.598301349802 0.020524915968
0.458871448752 0.002554579233 0.079702523262 0.458871448752 0.008384422198
0.033775870685 0.718350326442 0.214097932187 0.033775870685 0.010234559353
0.183641369810 0.034415910578 0.598301349802 0.183641369810 0.020524915968
0.002554579233 0.458871448752 0.079702523262 0.458871448752 0.008384422198
0.718350326442 0.033775870685 0.214097932187 0.033775870685 0.010234559353
0.034415910578 0.183641369810 0.598301349802 0.183641369810 0.020524915968
0.002554579233 0.079702523262 0.458871448752 0.458871448752 0.008384422198
0.718350326442 0.214097932187 0.033775870685 0.033775870685 0.010234559353
0.034415910578 0.598301349802 0.183641369810 0.183641369810 0.020524915968
0.458871448752 0.458871448752 0.079702523262 0.002554579233 0.008384422198
0.033775870685 0.033775870685 0.214097932187 0.718350326442 0.010234559353
0.183641369810 0.183641369810 0.598301349802 0.034415910578 0.020524915968
0.458871448752 0.079702523262 0.458871448752 0.002554579233 0.008384422198
0.033775870685 0.214097932187 0.033775870685 0.718350326442 0.010234559353
0.183641369810 0.598301349802 0.183641369810 0.034415910578 0.020524915968
0.079702523262 0.458871448752 0.458871448752 0.002554579233 0.008384422198
0.214097932187 0.033775870685 0.033775870685 0.718350326442 0.010234559353
0.598301349802 0.183641369810 0.183641369810 0.034415910578 0.020524915968
0.458871448752 0.079702523262 0.002554579233 0.458871448752 0.008384422198
0.033775870685 0.214097932187 0.718350326442 0.033775870685 0.010234559353
0.183641369810 0.598301349802 0.034415910578 0.183641369810 0.020524915968
0.079702523262 0.458871448752 0.002554579233 0.458871448752 0.008384422198
0.214097932187 0.033775870685 0.718350326442 0.033775870685 0.010234559353
0.598301349802 0.183641369810 0.034415910578 0.183641369810 0.020524915968
0.079702523262 0.002554579233 0.458871448752 0.458871448752 0.008384422198
0.214097932187 0.718350326442 0.033775870685 0.033775870685 0.010234559353
0.598301349802 0.034415910578 0.183641369810 0.183641369810 0.020524915968
