0.250000000000 0.250000000000 0.250000000000 0.250000000000 0.047399773556
0.312250068695 0.312250068695 0.312250068695 0.063249793914 0.026937059992
0.114309653857 0.114309653857 0.114309653857 0.657071038428 0.009869159717
0.312250068695 0.312250068695 0.063249793914 0.312250068695 0.026937059992
0.114309653857 0.114309653857 0.657071038428 0.114309653857 0.009869159717
0.312250068695 0.063249793914 0.312250068695 0.312250068695 0.026937059992
0.114309653857 0.657071038428 0.114309653857 0.114309653857 0.009869159717
0.063249793914 0.312250068695 0.312250068695 0.312250068695 0.026937059992
0.657071038428 0.114309653857 0.114309653857 0.114309653857 0.009869159717
0.410430739219 0.410430739219 0.165486025620 0.013652495942 0.011393881220
0.006138008825 0.006138008825 0.942988767345 0.044735215005 0.000361944344
0.121050181146 0.121050181146 0.477190379904 0.280709257805 0.025739731980
0.032779468216 0.032779468216 0.594256269480 0.340184794087 0.010135871680
0.032485281565 0.032485281565 0.801177284658 0.133852152212 0.006576147277
0.174979342184 0.174979342184 0.628071845475 0.021969470157 0.012907035799
0.410430739219 0.165486025620 0.410430739219 0.013652495942 0.011393881220
0.006138008825 0.942988767345 0.006138008825 0.044735215005 0.000361944344
0.121050181146 0.477190379904 0.121050181146 0.280709257805 0.025739731980
0.032779468216 0.594256269480 0.032779468216 0.340184794087 0.010135871680
0.032485281565 0.801177284658 0.032485281565 0.133852152212 0.006576147277
0.174979342184 0.628071845475 0.174979342184 0.021969470157 0.012907035799
0.165486025620 0.410430739219 0.410430739219 0.013652495942 0.011393881220
0.942988767345 0.006138008825 0.006138008825 0.044735215005 0.000361944344
0.477190379904 0.121050181146 0.121050181146 0.280709257805 0.025739731980
0.594256269480 0.032779468216 0.032779468216 0.340184794087 0.010135871680
0.801177284658 0.032485281565 0.032485281565 0.133852152212 0.006576147277
0.628071845475 0.174979342184 0.174979342184 0.021969470157 0.012907035799
0.410430739219 0.165486025620 0.013652495942 0.410430739219 0.011393881220
0.006138008825 0.942988767345 0.044735215005 0.006138008825 0.000361944344
0.121050181146 0.477190379904 0.280709257805 0.121050181146 0.025739731980
0.032779468216 0.594256269480 0.340184794087 0.032779468216 0.010135871680
0.032485281565 0.801177284658 0.133852152212 0.032485281565 0.006576147277
0.174979342184 0.628071845475 0.021969470157 0.174979342184 0.012907035799
0.165486025620 0.410430739219 0.013652495942 0.410430739219 0.011393881220
0.942988767345 0.006138008825 0.044735215005 0.006138008825 0.000361944344
0.477190379904 0.121050181146 0.280709257805 0.121050181146 0.025739731980
0.594256269480 0.032779468216 0.340184794087 0.032779468216 0.010135871680
0.801177284658 0.032485281565 0.133852152212 0.032485281565 0.006576147277
0.628071845475 0.174979342184 0.021969470157 0.174979342184 0.012907035799
0.165486025620 0.013652495942 0.410430739219 0.410430739219 0.011393881220
0.942988767345 0.044735215005 0.006138008825 0.006138008825 0.000361944344
0.477190379904 0.280709257805 0.121050181146 0.121050181146 0.025739731980
0.594256269480 0.340184794087 0.032779468216 0.032779468216 0.010135871680
0.801177284658 0.133852152212 0.032485281565 0.032485281565 0.006576147277
0.628071845475 0.021969470157 0.174979342184 0.174979342184 0.012907035799
0.410430739219 0.410430739219 0.013652495942 0.165486025620 0.011393881220
0.006138008825 0.006138008825 0.044735215005 0.942988767345 0.000361944344
0.121050181146 0.121050181146 0.280709257805 0.477190379904 0.025739731980
0.032779468216 0.032779468216 0.340184794087 0.594256269480 0.010135871680
0.032485281565 0.032485281565 0.133852152212 0.801177284658 0.006576147277
0.174979342184 0.174979342184 0.021969470157 0.628071845475 0.012907035799
0.410430739219 0.013652495942 0.410430739219 0.165486025620 0.011393881220
0.006138008825 0.044735215005 0.006138008825 0.942988767345 0.000361944344
0.121050181146 0.280709257805 0.121050181146 0.477190379904 0.025739731980
0.032779468216 0.340184794087 0.032779468216 0.594256269480 0.010135871680
0.032485281565 0.133852152212 0.032485281565 0.801177284658 0.006576147277
0.174979342184 0.021969470157 0.174979342184 0.628071845475 0.012907035799
0.013652495942 0.410430739219 0.410430739219 0.165486025620 0.011393881220
0.044735215005 0.006138008825 0.006138008825 0.942988767345 0.000361944344
0.280709257805 0.121050181146 0.121050181146 0.477190379904 0.025739731980
0.340184794087 0.032779468216 0.032779468216 0.594256269480 0.010135871680
0.133852152212 0.032485281565 0.032485281565 0.801177284658 0.006576147277
0.021969470157 0.174979342184 0.174979342184 0.628071845475 0.012907035799
0.410430739219 0.013652495942 0.165486025620 0.410430739219 0.011393881220
0.006138008825 0.044735215005 0.942988767345 0.006138008825 0.000361944344
0.121050181146 0.280709257805 0.477190379904 0.121050181146 0.025739731980
0.032779468216 0.340184794087 0.594256269480 0.032779468216 0.010135871680
0.032485281565 0.133852152212 0.801177284658 0.032485281565 0.006576147277
0.174979342184 0.021969470157 0.628071845475 0.174979342184 0.012907035799
0.013652495942 0.410430739219 0.165486025620 0.410430739219 0.011393881220
0.044735215005 0.006138008825 0.942988767345 0.006138008825 0.000361944344
0.280709257805 0.121050181146 0.477190379904 0.121050181146 0.025739731980
0.340184794087 0.032779468216 0.594256269480 0.032779468216 0.010135871680
0.133852152212 0.032485281565 0.801177284658 0.032485281565 0.006576147277
0.021969470157 0.174979342184 0.628071845475 0.174979342184 0.012907035799
0.013652495942 0.165486025620 0.410430739219 0.410430739219 0.011393881220
0.044735215005 0.942988767345 0.006138008825 0.006138008825 0.000361944344
0.280709257805 0.477190379904 0.121050181146 0.121050181146 0.025739731980
0.340184794087 0.594256269480 0.032779468216 0.032779468216 0.010135871680
0.133852152212 0.801177284658 0.032485281565 0.032485281565 0.006576147277
0.021969470157 0.628071845475 0.174979342184 0.174979342184 0.012907035799
