0.333333333333 0.333333333333 0.333333333333 0.081445134709
0.030846895636 0.030846895636 0.938306208729 0.012249296951
0.498780165178 0.498780165178 0.002439669643 0.012465491874
0.113207827287 0.113207827287 0.773584345427 0.040129242381
0.436655016393 0.436655016393 0.126689967214 0.063094872160
0.214483458619 0.214483458619 0.571033082761 0.067845107744
0.030846895636 0.938306208729 0.030846895636 0.012249296951
0.498780165178 0.002439669643 0.498780165178 0.012465491874
0.113207827287 0.773584345427 0.113207827287 0.040129242381
0.436655016393 0.126689967214 0.436655016393 0.063094872160
0.214483458619 0.571033082761 0.214483458619 0.067845107744
0.938306208729 0.030846895636 0.030846895636 0.012249296951
0.002439669643 0.498780165178 0.498780165178 0.012465491874
0.773584345427 0.113207827287 0.113207827287 0.040129242381
0.126689967214 0.436655016393 0.436655016393 0.063094872160
0.571033082761 0.214483458619 0.214483458619 0.067845107744
0.014366662570 0.159303619838 0.826329717593 0.014557623338
0.047664066972 0.310631216313 0.641704716714 0.040642848656
0.826329717593 0.014366662570 0.159303619838 0.014557623338
0.641704716714 0.047664066972 0.310631216313 0.040642848656
0.159303619838 0.826329717593 0.014366662570 0.014557623338
0.310631216313 0.641704716714 0.047664066972 0.040642848656
0.159303619838 0.014366662570 0.826329717593 0.014557623338
0.310631216313 0.047664066972 0.641704716714 0.040642848656
0.826329717593 0.159303619838 0.014366662570 0.014557623338
0.641704716714 0.310631216313 0.047664066972 0.040642848656
0.014366662570 0.826329717593 0.159303619838 0.014557623338
0.047664066972 0.641704716714 0.310631216313 0.040642848656
