0.333333333333 0.333333333333 0.333333333333 0.081743329146
0.032055373217 0.032055373217 0.935889253566 0.013352968813
0.142161101057 0.142161101057 0.715677797887 0.045957963605
0.032055373217 0.935889253566 0.032055373217 0.013352968813
0.142161101057 0.715677797887 0.142161101057 0.045957963605
0.935889253566 0.032055373217 0.032055373217 0.013352968813
0.715677797887 0.142161101057 0.142161101057 0.045957963605
0.028367665340 0.163701733737 0.807930600923 0.025297757707
0.029619889489 0.369146781828 0.601233328683 0.034184648163
0.148132885784 0.321812995289 0.530054118927 0.063904906396
0.807930600923 0.028367665340 0.163701733737 0.025297757707
0.601233328683 0.029619889489 0.369146781828 0.034184648163
0.530054118927 0.148132885784 0.321812995289 0.063904906396
0.163701733737 0.807930600923 0.028367665340 0.025297757707
0.369146781828 0.601233328683 0.029619889489 0.034184648163
0.321812995289 0.530054118927 0.148132885784 0.063904906396
0.163701733737 0.028367665340 0.807930600923 0.025297757707
0.369146781828 0.029619889489 0.601233328683 0.034184648163
0.321812995289 0.148132885784 0.530054118927 0.063904906396
0.807930600923 0.163701733737 0.028367665340 0.025297757707
0.601233328683 0.369146781828 0.029619889489 0.034184648163
0.530054118927 0.321812995289 0.148132885784 0.063904906396
0.028367665340 0.807930600923 0.163701733737 0.025297757707
0.029619889489 0.601233328683 0.369146781828 0.034184648163
0.148132885784 0.530054118927 0.321812995289 0.063904906396
