0.327253362524 0.327253362524 0.327253362524 0.018239912428 0.004065113665
0.044761304467 0.044761304467 0.044761304467 0.865716086600 0.002214538533
0.086140331102 0.086140331102 0.086140331102 0.741579006693 0.005813438268
0.208762642500 0.208762642500 0.208762642500 0.373712072499 0.019625543386
0.014104973803 0.014104973803 0.014104973803 0.957685078591 0.000387573791
0.327253362524 0.327253362524 0.018239912428 0.327253362524 0.004065113665
0.044761304467 0.044761304467 0.865716086600 0.044761304467 0.002214538533
0.086140331102 0.086140331102 0.741579006693 0.086140331102 0.005813438268
0.208762642500 0.208762642500 0.373712072499 0.208762642500 0.019625543386
0.014104973803 0.014104973803 0.957685078591 0.014104973803 0.000387573791
0.327253362524 0.018239912428 0.327253362524 0.327253362524 0.004065113665
0.044761304467 0.865716086600 0.044761304467 0.044761304467 0.002214538533
0.086140331102 0.741579006693 0.086140331102 0.086140331102 0.005813438268
0.208762642500 0.373712072499 0.208762642500 0.208762642500 0.019625543386
0.014104973803 0.957685078591 0.014104973803 0.014104973803 0.000387573791
0.018239912428 0.327253362524 0.327253362524 0.327253362524 0.004065113665
0.865716086600 0.044761304467 0.044761304467 0.044761304467 0.002214538533
0.741579006693 0.086140331102 0.086140331102 0.086140331102 0.005813438268
0.373712072499 0.208762642500 0.208762642500 0.208762642500 0.019625543386
0.957685078591 0.014104973803 0.014104973803 0.014104973803 0.000387573791
0.102165324181 0.102165324181 0.573946367594 0.221722984044 0.011642971972
0.407570051660 0.407570051660 0.092227870139 0.092632026541 0.005289042988
0.015664000740 0.015664000740 0.701281095959 0.267390902560 0.001831085416
0.225496356253 0.225496356253 0.476906397442 0.072100890053 0.008249647377
0.102165324181 0.573946367594 0.102165324181 0.221722984044 0.011642971972
0.407570051660 0.092227870139 0.407570051660 0.092632026541 0.005289042988
0.015664000740 0.701281095959 0.015664000740 0.267390902560 0.001831085416
0.225496356253 0.476906397442 0.225496356253 0.072100890053 0.008249647377
0.573946367594 0.102165324181 0.102165324181 0.221722984044 0.011642971972
0.092227870139 0.407570051660 0.407570051660 0.092632026541 0.005289042988
0.701281095959 0.015664000740 0.015664000740 0.267390902560 0.001831085416
0.476906397442 0.225496356253 0.225496356253 0.072100890053 0.008249647377
0.102165324181 0.573946367594 0.221722984044 0.102165324181 0.011642971972
0.407570051660 0.092227870139 0.092632026541 0.407570051660 0.005289042988
0.015664000740 0.701281095959 0.267390902560 0.015664000740 0.001831085416
0.225496356253 0.476906397442 0.072100890053 0.225496356253 0.008249647377
0.573946367594 0.102165324181 0.221722984044 0.102165324181 0.011642971972
0.092227870139 0.407570051660 0.092632026541 0.407570051660 0.005289042988
0.701281095959 0.015664000740 0.267390902560 0.015664000740 0.001831085416
0.476906397442 0.225496356253 0.072100890053 0.225496356253 0.008249647377
0.573946367594 0.221722984044 0.102165324181 0.102165324181 0.011642971972
0.092227870139 0.092632026541 0.407570051660 0.407570051660 0.005289042988
0.701281095959 0.267390902560 0.015664000740 0.015664000740 0.001831085416
0.476906397442 0.072100890053 0.225496356253 0.225496356253 0.008249647377
0.102165324181 0.102165324181 0.221722984044 0.573946367594 0.011642971972
0.407570051660 0.407570051660 0.092632026541 0.092227870139 0.005289042988
0.015664000740 0.015664000740 0.267390902560 0.701281095959 0.001831085416
0.225496356253 0.225496356253 0.072100890053 0.476906397442 0.008249647377
0.102165324181 0.221722984044 0.102165324181 0.573946367594 0.011642971972
0.407570051660 0.092632026541 0.407570051660 0.092227870139 0.005289042988
0.015664000740 0.267390902560 0.015664000740 0.701281095959 0.001831085416
0.225496356253 0.072100890053 0.225496356253 0.476906397442 0.008249647377
0.221722984044 0.102165324181 0.102165324181 0.573946367594 0.011642971972
0.092632026541 0.407570051660 0.407570051660 0.092227870139 0.005289042988
0.267390902560 0.015664000740 0.015664000740 0.701281095959 0.001831085416
0.072100890053 0.225496356253 0.225496356253 0.476906397442 0.008249647377
0.102165324181 0.221722984044 0.573946367594 0.102165324181 0.011642971972
0.407570051660 0.092632026541 0.092227870139 0.407570051660 0.005289042988
0.015664000740 0.267390902560 0.701281095959 0.015664000740 0.001831085416
0.225496356253 0.072100890053 0.476906397442 0.225496356253 0.008249647377
0.221722984044 0.102165324181 0.573946367594 0.102165324181 0.011642971972
0.092632026541 0.407570051660 0.092227870139 0.407570051660 0.005289042988
0.267390902560 0.015664000740 0.701281095959 0.015664000740 0.001831085416
0.072100890053 0.225496356253 0.476906397442 0.225496356253 0.008249647377
0.221722984044 0.573946367594 0.102165324181 0.102165324181 0.011642971972
0.092632026541 0.092227870139 0.407570051660 0.407570051660 0.005289042988
0.267390902560 0.701281095959 0.015664000740 0.015664000740 0.001831085416
0.072100890053 0.476906397442 0.225496356253 0.225496356253 0.008249647377
0.390598428128 0.201359054412 0.016112288071 0.391930229388 0.003009924535
0.106135067999 0.032735818682 0.003597907654 0.857531205666 0.000804716562
0.563638373170 0.230292072230 0.190719934174 0.015349620426 0.002985041259
0.367625509533 0.207885138023 0.331210488519 0.093278863925 0.005689600242
0.719232368982 0.176327911802 0.020760236257 0.083679482959 0.004159086588
0.527824995215 0.437289089220 0.009220165186 0.025665750379 0.000728238920
0.548367454495 0.344781550617 0.086721728332 0.020129266556 0.005432650077
0.390598428128 0.201359054412 0.391930229388 0.016112288071 0.003009924535
0.106135067999 0.032735818682 0.857531205666 0.003597907654 0.000804716562
0.563638373170 0.230292072230 0.015349620426 0.190719934174 0.002985041259
0.367625509533 0.207885138023 0.093278863925 0.331210488519 0.005689600242
0.719232368982 0.176327911802 0.083679482959 0.020760236257 0.004159086588
0.527824995215 0.437289089220 0.025665750379 0.009220165186 0.000728238920
0.548367454495 0.344781550617 0.020129266556 0.086721728332 0.005432650077
0.390598428128 0.016112288071 0.201359054412 0.391930229388 0.003009924535
0.106135067999 0.003597907654 0.032735818682 0.857531205666 0.000804716562
0.563638373170 0.190719934174 0.230292072230 0.015349620426 0.002985041259
0.367625509533 0.331210488519 0.207885138023 0.093278863925 0.005689600242
0.719232368982 0.020760236257 0.176327911802 0.083679482959 0.004159086588
0.527824995215 0.009220165186 0.437289089220 0.025665750379 0.000728238920
0.548367454495 0.086721728332 0.344781550617 0.020129266556 0.005432650077
0.390598428128 0.016112288071 0.391930229388 0.201359054412 0.003009924535
0.106135067999 0.003597907654 0.857531205666 0.032735818682 0.000804716562
0.563638373170 0.190719934174 0.015349620426 0.230292072230 0.002985041259
0.367625509533 0.331210488519 0.093278863925 0.207885138023 0.005689600242
0.719232368982 0.020760236257 0.083679482959 0.176327911802 0.004159086588
0.527824995215 0.009220165186 0.025665750379 0.437289089220 0.000728238920
0.548367454495 0.086721728332 0.020129266556 0.344781550617 0.005432650077
0.390598428128 0.391930229388 0.201359054412 0.016112288071 0.003009924535
0.106135067999 0.857531205666 0.032735818682 0.003597907654 0.000804716562
0.563638373170 0.015349620426 0.230292072230 0.190719934174 0.002985041259
0.367625509533 0.093278863925 0.207885138023 0.331210488519 0.005689600242
0.719232368982 0.083679482959 0.176327911802 0.020760236257 0.004159086588
0.527824995215 0.025665750379 0.437289089220 0.009220165186 0.000728238920
0.548367454495 0.020129266556 0.344781550617 0.086721728332 0.005432650077
0.390598428128 0.391930229388 0.016112288071 0.201359054412 0.003009924535
0.106135067999 0.857531205666 0.003597907654 0.032735818682 0.000804716562
0.563638373170 0.015349620426 0.190719934174 0.230292072230 0.002985041259
0.367625509533 0.093278863925 0.331210488519 0.207885138023 0.005689600242
0.719232368982 0.083679482959 0.020760236257 0.176327911802 0.004159086588
0.527824995215 0.025665750379 0.009220165186 0.437289089220 0.000728238920
0.548367454495 0.020129266556 0.086721728332 0.344781550617 0.005432650077
0.201359054412 0.390598428128 0.016112288071 0.391930229388 0.003009924535
0.032735818682 0.106135067999 0.003597907654 0.857531205666 0.000804716562
0.230292072230 0.563638373170 0.190719934174 0.015349620426 0.002985041259
0.207885138023 0.367625509533 0.331210488519 0.093278863925 0.005689600242
0.176327911802 0.719232368982 0.020760236257 0.083679482959 0.004159086588
0.437289089220 0.527824995215 0.009220165186 0.025665750379 0.000728238920
0.344781550617 0.548367454495 0.086721728332 0.020129266556 0.005432650077
0.201359054412 0.390598428128 0.391930229388 0.016112288071 0.003009924535
0.032735818682 0.106135067999 0.857531205666 0.003597907654 0.000804716562
0.230292072230 0.563638373170 0.015349620426 0.190719934174 0.002985041259
0.207885138023 0.367625509533 0.093278863925 0.331210488519 0.005689600242
0.176327911802 0.719232368982 0.083679482959 0.020760236257 0.004159086588
0.437289089220 0.527824995215 0.025665750379 0.009220165186 0.000728238920
0.344781550617 0.548367454495 0.020129266556 0.086721728332 0.005432650077
0.201359054412 0.016112288071 0.390598428128 0.391930229388 0.003009924535
0.032735818682 0.003597907654 0.106135067999 0.857531205666 0.000804716562
0.230292072230 0.190719934174 0.563638373170 0.015349620426 0.002985041259
0.207885138023 0.331210488519 0.367625509533 0.093278863925 0.005689600242
0.176327911802 0.020760236257 0.719232368982 0.083679482959 0.004159086588
0.437289089220 0.009220165186 0.527824995215 0.025665750379 0.000728238920
0.344781550617 0.086721728332 0.548367454495 0.020129266556 0.005432650077
0.201359054412 0.016112288071 0.391930229388 0.390598428128 0.003009924535
0.032735818682 0.003597907654 0.857531205666 0.106135067999 0.000804716562
0.230292072230 0.190719934174 0.015349620426 0.563638373170 0.002985041259
0.207885138023 0.331210488519 0.093278863925 0.367625509533 0.005689600242
0.176327911802 0.020760236257 0.083679482959 0.719232368982 0.004159086588
0.437289089220 0.009220165186 0.025665750379 0.527824995215 0.000728238920
0.344781550617 0.086721728332 0.020129266556 0.548367454495 0.005432650077
0.201359054412 0.391930229388 0.390598428128 0.016112288071 0.003009924535
0.032735818682 0.857531205666 0.106135067999 0.003597907654 0.000804716562
0.230292072230 0.015349620426 0.563638373170 0.190719934174 0.002985041259
0.207885138023 0.093278863925 0.367625509533 0.331210488519 0.005689600242
0.176327911802 0.083679482959 0.719232368982 0.020760236257 0.004159086588
0.437289089220 0.025665750379 0.527824995215 0.009220165186 0.000728238920
0.344781550617 0.020129266556 0.548367454495 0.086721728332 0.005432650077
0.201359054412 0.391930229388 0.016112288071 0.390598428128 0.003009924535
0.032735818682 0.857531205666 0.003597907654 0.106135067999 0.000804716562
0.230292072230 0.015349620426 0.190719934174 0.563638373170 0.002985041259
0.207885138023 0.093278863925 0.331210488519 0.367625509533 0.005689600242
0.176327911802 0.083679482959 0.020760236257 0.719232368982 0.004159086588
0.437289089220 0.025665750379 0.009220165186 0.527824995215 0.000728238920
0.344781550617 0.020129266556 0.086721728332 0.548367454495 0.005432650077
0.016112288071 0.390598428128 0.201359054412 0.391930229388 0.003009924535
0.003597907654 0.106135067999 0.032735818682 0.857531205666 0.000804716562
0.190719934174 0.563638373170 0.230292072230 0.015349620426 0.002985041259
0.331210488519 0.367625509533 0.207885138023 0.093278863925 0.005689600242
0.020760236257 0.719232368982 0.176327911802 0.083679482959 0.004159086588
0.009220165186 0.527824995215 0.437289089220 0.025665750379 0.000728238920
0.086721728332 0.548367454495 0.344781550617 0.020129266556 0.005432650077
0.016112288071 0.390598428128 0.391930229388 0.201359054412 0.003009924535
0.003597907654 0.106135067999 0.857531205666 0.032735818682 0.000804716562
0.190719934174 0.563638373170 0.015349620426 0.230292072230 0.002985041259
0.331210488519 0.367625509533 0.093278863925 0.207885138023 0.005689600242
0.020760236257 0.719232368982 0.083679482959 0.176327911802 0.004159086588
0.009220165186 0.527824995215 0.025665750379 0.437289089220 0.000728238920
0.086721728332 0.548367454495 0.020129266556 0.344781550617 0.005432650077
0.016112288071 0.201359054412 0.390598428128 0.391930229388 0.003009924535
0.003597907654 0.032735818682 0.106135067999 0.857531205666 0.000804716562
0.190719934174 0.230292072230 0.563638373170 0.015349620426 0.002985041259
0.331210488519 0.207885138023 0.367625509533 0.093278863925 0.005689600242
0.020760236257 0.176327911802 0.719232368982 0.083679482959 0.004159086588
0.009220165186 0.437289089220 0.527824995215 0.025665750379 0.000728238920
0.086721728332 0.344781550617 0.548367454495 0.020129266556 0.005432650077
0.016112288071 0.201359054412 0.391930229388 0.390598428128 0.003009924535
0.003597907654 0.032735818682 0.857531205666 0.106135067999 0.000804716562
0.190719934174 0.230292072230 0.015349620426 0.563638373170 0.002985041259
0.331210488519 0.207885138023 0.093278863925 0.367625509533 0.005689600242
0.020760236257 0.176327911802 0.083679482959 0.719232368982 0.004159086588
0.009220165186 0.437289089220 0.025665750379 0.527824995215 0.000728238920
0.086721728332 0.344781550617 0.020129266556 0.548367454495 0.005432650077
0.016112288071 0.391930229388 0.390598428128 0.201359054412 0.003009924535
0.003597907654 0.857531205666 0.106135067999 0.032735818682 0.000804716562
0.190719934174 0.015349620426 0.563638373170 0.230292072230 0.002985041259
0.331210488519 0.093278863925 0.367625509533 0.207885138023 0.005689600242
0.020760236257 0.083679482959 0.719232368982 0.176327911802 0.004159086588
0.009220165186 0.025665750379 0.527824995215 0.437289089220 0.000728238920
0.086721728332 0.020129266556 0.548367454495 0.344781550617 0.005432650077
0.016112288071 0.391930229388 0.201359054412 0.390598428128 0.003009924535
0.003597907654 0.857531205666 0.032735818682 0.106135067999 0.000804716562
0.190719934174 0.015349620426 0.230292072230 0.563638373170 0.002985041259
0.331210488519 0.093278863925 0.207885138023 0.367625509533 0.005689600242
0.020760236257 0.083679482959 0.176327911802 0.719232368982 0.004159086588
0.009220165186 0.025665750379 0.437289089220 0.527824995215 0.000728238920
0.086721728332 0.020129266556 0.344781550617 0.548367454495 0.005432650077
0.391930229388 0.390598428128 0.201359054412 0.016112288071 0.003009924535
0.857531205666 0.106135067999 0.032735818682 0.003597907654 0.000804716562
0.015349620426 0.563638373170 0.230292072230 0.190719934174 0.002985041259
0.093278863925 0.367625509533 0.207885138023 0.331210488519 0.005689600242
0.083679482959 0.719232368982 0.176327911802 0.020760236257 0.004159086588
0.025665750379 0.527824995215 0.437289089220 0.009220165186 0.000728238920
0.020129266556 0.548367454495 0.344781550617 0.086721728332 0.005432650077
0.391930229388 0.390598428128 0.016112288071 0.201359054412 0.003009924535
0.857531205666 0.106135067999 0.003597907654 0.032735818682 0.000804716562
0.015349620426 0.563638373170 0.190719934174 0.230292072230 0.002985041259
0.093278863925 0.367625509533 0.331210488519 0.207885138023 0.005689600242
0.083679482959 0.719232368982 0.020760236257 0.176327911802 0.004159086588
0.025665750379 0.527824995215 0.009220165186 0.437289089220 0.000728238920
0.020129266556 0.548367454495 0.086721728332 0.344781550617 0.005432650077
0.391930229388 0.201359054412 0.390598428128 0.016112288071 0.003009924535
0.857531205666 0.032735818682 0.106135067999 0.003597907654 0.000804716562
0.015349620426 0.230292072230 0.563638373170 0.190719934174 0.002985041259
0.093278863925 0.207885138023 0.367625509533 0.331210488519 0.005689600242
0.083679482959 0.176327911802 0.719232368982 0.020760236257 0.004159086588
0.025665750379 0.437289089220 0.527824995215 0.009220165186 0.000728238920
0.020129266556 0.344781550617 0.548367454495 0.086721728332 0.005432650077
0.391930229388 0.201359054412 0.016112288071 0.390598428128 0.003009924535
0.857531205666 0.032735818682 0.003597907654 0.106135067999 0.000804716562
0.015349620426 0.230292072230 0.190719934174 0.563638373170 0.002985041259
0.093278863925 0.207885138023 0.331210488519 0.367625509533 0.005689600242
0.083679482959 0.176327911802 0.020760236257 0.719232368982 0.004159086588
0.025665750379 0.437289089220 0.009220165186 0.527824995215 0.000728238920
0.020129266556 0.344781550617 0.086721728332 0.548367454495 0.005432650077
0.391930229388 0.016112288071 0.390598428128 0.201359054412 0.003009924535
0.857531205666 0.003597907654 0.106135067999 0.032735818682 0.000804716562
0.015349620426 0.190719934174 0.563638373170 0.230292072230 0.002985041259
0.093278863925 0.331210488519 0.367625509533 0.207885138023 0.005689600242
0.083679482959 0.020760236257 0.719232368982 0.176327911802 0.004159086588
0.025665750379 0.009220165186 0.527824995215 0.437289089220 0.000728238920
0.020129266556 0.086721728332 0.548367454495 0.344781550617 0.005432650077
0.391930229388 0.016112288071 0.201359054412 0.390598428128 0.003009924535
0.857531205666 0.003597907654 0.032735818682 0.106135067999 0.000804716562
0.015349620426 0.190719934174 0.230292072230 0.563638373170 0.002985041259
0.093278863925 0.331210488519 0.207885138023 0.367625509533 0.005689600242
0.083679482959 0.020760236257 0.176327911802 0.719232368982 0.004159086588
0.025665750379 0.009220165186 0.437289089220 0.527824995215 0.000728238920
0.020129266556 0.086721728332 0.344781550617 0.548367454495 0.005432650077
