0.333333333333 0.333333333333 0.333333333333 0.144315607678
0.459292588293 0.459292588293 0.081414823415 0.095091634267
0.050547228317 0.050547228317 0.898905543366 0.032458497623
0.170569307752 0.170569307752 0.658861384496 0.103217370535
0.459292588293 0.081414823415 0.459292588293 0.095091634267
0.050547228317 0.898905543366 0.050547228317 0.032458497623
0.170569307752 0.658861384496 0.170569307752 0.103217370535
0.081414823415 0.459292588293 0.459292588293 0.095091634267
0.898905543366 0.050547228317 0.050547228317 0.032458497623
0.658861384496 0.170569307752 0.170569307752 0.103217370535
0.008394777410 0.728492392955 0.263112829635 0.027230314174
0.263112829635 0.008394777410 0.728492392955 0.027230314174
0.728492392955 0.263112829635 0.008394777410 0.027230314174
0.728492392955 0.008394777410 0.263112829635 0.027230314174
0.263112829635 0.728492392955 0.008394777410 0.027230314174
0.008394777410 0.263112829635 0.728492392955 0.027230314174
