0.013305216851 0.013305216851 0.902003173839 0.071386392460 0.000447999346
0.017683995977 0.017683995977 0.819621528236 0.145010479810 0.001147951508
0.015296711843 0.015296711843 0.701132254581 0.268274321734 0.001310377615
0.016539036928 0.016539036928 0.555242936312 0.411678989832 0.001563227260
0.085075390001 0.085075390001 0.016233212593 0.813616007406 0.002005347359
0.097199417875 0.097199417875 0.460134464240 0.345466700009 0.008000322229
0.346328808944 0.346328808944 0.215505487067 0.091836895045 0.009219612823
0.095760088351 0.095760088351 0.602328951880 0.206150871419 0.009380696395
0.220464933121 0.220464933121 0.093297656915 0.465772476843 0.010530621105
0.446940294018 0.446940294018 0.086758448826 0.019360963138 0.004289458539
0.189112149091 0.189112149091 0.018924850520 0.602850851298 0.004795665431
0.013305216851 0.902003173839 0.013305216851 0.071386392460 0.000447999346
0.017683995977 0.819621528236 0.017683995977 0.145010479810 0.001147951508
0.015296711843 0.701132254581 0.015296711843 0.268274321734 0.001310377615
0.016539036928 0.555242936312 0.016539036928 0.411678989832 0.001563227260
0.085075390001 0.016233212593 0.085075390001 0.813616007406 0.002005347359
0.097199417875 0.460134464240 0.097199417875 0.345466700009 0.008000322229
0.346328808944 0.215505487067 0.346328808944 0.091836895045 0.009219612823
0.095760088351 0.602328951880 0.095760088351 0.206150871419 0.009380696395
0.220464933121 0.093297656915 0.220464933121 0.465772476843 0.010530621105
0.446940294018 0.086758448826 0.446940294018 0.019360963138 0.004289458539
0.189112149091 0.018924850520 0.189112149091 0.602850851298 0.004795665431
0.902003173839 0.013305216851 0.013305216851 0.071386392460 0.000447999346
0.819621528236 0.017683995977 0.017683995977 0.145010479810 0.001147951508
0.701132254581 0.015296711843 0.015296711843 0.268274321734 0.001310377615
0.555242936312 0.016539036928 0.016539036928 0.411678989832 0.001563227260
0.016233212593 0.085075390001 0.085075390001 0.813616007406 0.002005347359
0.460134464240 0.097199417875 0.097199417875 0.345466700009 0.008000322229
0.215505487067 0.346328808944 0.346328808944 0.091836895045 0.009219612823
0.602328951880 0.095760088351 0.095760088351 0.206150871419 0.009380696395
0.093297656915 0.220464933121 0.220464933121 0.465772476843 0.010530621105
0.086758448826 0.446940294018 0.446940294018 0.019360963138 0.004289458539
0.018924850520 0.189112149091 0.189112149091 0.602850851298 0.004795665431
0.013305216851 0.902003173839 0.071386392460 0.013305216851 0.000447999346
0.017683995977 0.819621528236 0.145010479810 0.017683995977 0.001147951508
0.015296711843 0.701132254581 0.268274321734 0.015296711843 0.001310377615
0.016539036928 0.555242936312 0.411678989832 0.016539036928 0.001563227260
0.085075390001 0.016233212593 0.813616007406 0.085075390001 0.002005347359
0.097199417875 0.460134464240 0.345466700009 0.097199417875 0.008000322229
0.346328808944 0.215505487067 0.091836895045 0.346328808944 0.009219612823
0.095760088351 0.602328951880 0.206150871419 0.095760088351 0.009380696395
0.220464933121 0.093297656915 0.465772476843 0.220464933121 0.010530621105
0.446940294018 0.086758448826 0.019360963138 0.446940294018 0.004289458539
0.189112149091 0.018924850520 0.602850851298 0.189112149091 0.004795665431
0.902003173839 0.013305216851 0.071386392460 0.013305216851 0.000447999346
0.819621528236 0.017683995977 0.145010479810 0.017683995977 0.001147951508
0.701132254581 0.015296711843 0.268274321734 0.015296711843 0.001310377615
0.555242936312 0.016539036928 0.411678989832 0.016539036928 0.001563227260
0.016233212593 0.085075390001 0.813616007406 0.085075390001 0.002005347359
0.460134464240 0.097199417875 0.345466700009 0.097199417875 0.008000322229
0.215505487067 0.346328808944 0.091836895045 0.346328808944 0.009219612823
0.602328951880 0.095760088351 0.206150871419 0.095760088351 0.009380696395
0.093297656915 0.220464933121 0.465772476843 0.220464933121 0.010530621105
0.086758448826 0.446940294018 0.019360963138 0.446940294018 0.004289458539
0.018924850520 0.189112149091 0.602850851298 0.189112149091 0.004795665431
0.902003173839 0.071386392460 0.013305216851 0.013305216851 0.000447999346
0.819621528236 0.145010479810 0.017683995977 0.017683995977 0.001147951508
0.701132254581 0.268274321734 0.015296711843 0.015296711843 0.001310377615
0.555242936312 0.411678989832 0.016539036928 0.016539036928 0.001563227260
0.016233212593 0.813616007406 0.085075390001 0.085075390001 0.002005347359
0.460134464240 0.345466700009 0.097199417875 0.097199417875 0.008000322229
0.215505487067 0.091836895045 0.346328808944 0.346328808944 0.009219612823
0.602328951880 0.206150871419 0.095760088351 0.095760088351 0.009380696395
0.093297656915 0.465772476843 0.220464933121 0.220464933121 0.010530621105
0.086758448826 0.019360963138 0.446940294018 0.446940294018 0.004289458539
0.018924850520 0.602850851298 0.189112149091 0.189112149091 0.004795665431
0.013305216851 0.013305216851 0.071386392460 0.902003173839 0.000447999346
0.017683995977 0.017683995977 0.145010479810 0.819621528236 0.001147951508
0.015296711843 0.015296711843 0.268274321734 0.701132254581 0.001310377615
0.016539036928 0.016539036928 0.411678989832 0.555242936312 0.001563227260
0.085075390001 0.085075390001 0.813616007406 0.016233212593 0.002005347359
0.097199417875 0.097199417875 0.345466700009 0.460134464240 0.008000322229
0.346328808944 0.346328808944 0.091836895045 0.215505487067 0.009219612823
0.095760088351 0.095760088351 0.206150871419 0.602328951880 0.009380696395
0.220464933121 0.220464933121 0.465772476843 0.093297656915 0.010530621105
0.446940294018 0.446940294018 0.019360963138 0.086758448826 0.004289458539
0.189112149091 0.189112149091 0.602850851298 0.018924850520 0.004795665431
0.013305216851 0.071386392460 0.013305216851 0.902003173839 0.000447999346
0.017683995977 0.145010479810 0.017683995977 0.819621528236 0.001147951508
0.015296711843 0.268274321734 0.015296711843 0.701132254581 0.001310377615
0.016539036928 0.411678989832 0.016539036928 0.555242936312 0.001563227260
0.085075390001 0.813616007406 0.085075390001 0.016233212593 0.002005347359
0.097199417875 0.345466700009 0.097199417875 0.460134464240 0.008000322229
0.346328808944 0.091836895045 0.346328808944 0.215505487067 0.009219612823
0.095760088351 0.206150871419 0.095760088351 0.602328951880 0.009380696395
0.220464933121 0.465772476843 0.220464933121 0.093297656915 0.010530621105
0.446940294018 0.019360963138 0.446940294018 0.086758448826 0.004289458539
0.189112149091 0.602850851298 0.189112149091 0.018924850520 0.004795665431
0.071386392460 0.013305216851 0.013305216851 0.902003173839 0.000447999346
0.145010479810 0.017683995977 0.017683995977 0.819621528236 0.001147951508
0.268274321734 0.015296711843 0.015296711843 0.701132254581 0.001310377615
0.411678989832 0.016539036928 0.016539036928 0.555242936312 0.001563227260
0.813616007406 0.085075390001 0.085075390001 0.016233212593 0.002005347359
0.345466700009 0.097199417875 0.097199417875 0.460134464240 0.008000322229
0.091836895045 0.346328808944 0.346328808944 0.215505487067 0.009219612823
0.206150871419 0.095760088351 0.095760088351 0.602328951880 0.009380696395
0.465772476843 0.220464933121 0.220464933121 0.093297656915 0.010530621105
0.019360963138 0.446940294018 0.446940294018 0.086758448826 0.004289458539
0.602850851298 0.189112149091 0.189112149091 0.018924850520 0.004795665431
0.013305216851 0.071386392460 0.902003173839 0.013305216851 0.000447999346
0.017683995977 0.145010479810 0.819621528236 0.017683995977 0.001147951508
0.015296711843 0.268274321734 0.701132254581 0.015296711843 0.001310377615
0.016539036928 0.411678989832 0.555242936312 0.016539036928 0.001563227260
0.085075390001 0.813616007406 0.016233212593 0.085075390001 0.002005347359
0.097199417875 0.345466700009 0.460134464240 0.097199417875 0.008000322229
0.346328808944 0.091836895045 0.215505487067 0.346328808944 0.009219612823
0.095760088351 0.206150871419 0.602328951880 0.095760088351 0.009380696395
0.220464933121 0.465772476843 0.093297656915 0.220464933121 0.010530621105
0.446940294018 0.019360963138 0.086758448826 0.446940294018 0.004289458539
0.189112149091 0.602850851298 0.018924850520 0.189112149091 0.004795665431
0.071386392460 0.013305216851 0.902003173839 0.013305216851 0.000447999346
0.145010479810 0.017683995977 0.819621528236 0.017683995977 0.001147951508
0.268274321734 0.015296711843 0.701132254581 0.015296711843 0.001310377615
0.411678989832 0.016539036928 0.555242936312 0.016539036928 0.001563227260
0.813616007406 0.085075390001 0.016233212593 0.085075390001 0.002005347359
0.345466700009 0.097199417875 0.460134464240 0.097199417875 0.008000322229
0.091836895045 0.346328808944 0.215505487067 0.346328808944 0.009219612823
0.206150871419 0.095760088351 0.602328951880 0.095760088351 0.009380696395
0.465772476843 0.220464933121 0.093297656915 0.220464933121 0.010530621105
0.019360963138 0.446940294018 0.086758448826 0.446940294018 0.004289458539
0.602850851298 0.189112149091 0.018924850520 0.189112149091 0.004795665431
0.071386392460 0.902003173839 0.013305216851 0.013305216851 0.000447999346
0.145010479810 0.819621528236 0.017683995977 0.017683995977 0.001147951508
0.268274321734 0.701132254581 0.015296711843 0.015296711843 0.001310377615
0.411678989832 0.555242936312 0.016539036928 0.016539036928 0.001563227260
0.813616007406 0.016233212593 0.085075390001 0.085075390001 0.002005347359
0.345466700009 0.460134464240 0.097199417875 0.097199417875 0.008000322229
0.091836895045 0.215505487067 0.346328808944 0.346328808944 0.009219612823
0.206150871419 0.602328951880 0.095760088351 0.095760088351 0.009380696395
0.465772476843 0.093297656915 0.220464933121 0.220464933121 0.010530621105
0.019360963138 0.086758448826 0.446940294018 0.446940294018 0.004289458539
0.602850851298 0.018924850520 0.189112149091 0.189112149091 0.004795665431
0.021950487897 0.021950487897 0.021950487897 0.934148536309 0.000740038498
0.327617680861 0.327617680861 0.327617680861 0.017146957417 0.004130121865
0.084332522167 0.084332522167 0.084332522167 0.747002433498 0.005156764051
0.213660330438 0.213660330438 0.213660330438 0.359019008686 0.016021566041
0.021950487897 0.021950487897 0.934148536309 0.021950487897 0.000740038498
0.327617680861 0.327617680861 0.017146957417 0.327617680861 0.004130121865
0.084332522167 0.084332522167 0.747002433498 0.084332522167 0.005156764051
0.213660330438 0.213660330438 0.359019008686 0.213660330438 0.016021566041
0.021950487897 0.934148536309 0.021950487897 0.021950487897 0.000740038498
0.327617680861 0.017146957417 0.327617680861 0.327617680861 0.004130121865
0.084332522167 0.747002433498 0.084332522167 0.084332522167 0.005156764051
0.213660330438 0.359019008686 0.213660330438 0.213660330438 0.016021566041
0.934148536309 0.021950487897 0.021950487897 0.021950487897 0.000740038498
0.017146957417 0.327617680861 0.327617680861 0.327617680861 0.004130121865
0.747002433498 0.084332522167 0.084332522167 0.084332522167 0.005156764051
0.359019008686 0.213660330438 0.213660330438 0.213660330438 0.016021566041
0.723502797863 0.178665541028 0.079715391726 0.018116269383 0.002321963163
0.599013353536 0.297984098297 0.084130511724 0.018872036443 0.003853542534
0.456867951410 0.325325509577 0.199421454759 0.018385084255 0.004804106088
0.723502797863 0.178665541028 0.018116269383 0.079715391726 0.002321963163
0.599013353536 0.297984098297 0.018872036443 0.084130511724 0.003853542534
0.456867951410 0.325325509577 0.018385084255 0.199421454759 0.004804106088
0.723502797863 0.079715391726 0.178665541028 0.018116269383 0.002321963163
0.599013353536 0.084130511724 0.297984098297 0.018872036443 0.003853542534
0.456867951410 0.199421454759 0.325325509577 0.018385084255 0.004804106088
0.723502797863 0.079715391726 0.018116269383 0.178665541028 0.002321963163
0.599013353536 0.084130511724 0.018872036443 0.297984098297 0.003853542534
0.456867951410 0.199421454759 0.018385084255 0.325325509577 0.004804106088
0.723502797863 0.018116269383 0.178665541028 0.079715391726 0.002321963163
0.599013353536 0.018872036443 0.297984098297 0.084130511724 0.003853542534
0.456867951410 0.018385084255 0.325325509577 0.199421454759 0.004804106088
0.723502797863 0.018116269383 0.079715391726 0.178665541028 0.002321963163
0.599013353536 0.018872036443 0.084130511724 0.297984098297 0.003853542534
0.456867951410 0.018385084255 0.199421454759 0.325325509577 0.004804106088
0.178665541028 0.723502797863 0.079715391726 0.018116269383 0.002321963163
0.297984098297 0.599013353536 0.084130511724 0.018872036443 0.003853542534
0.325325509577 0.456867951410 0.199421454759 0.018385084255 0.004804106088
0.178665541028 0.723502797863 0.018116269383 0.079715391726 0.002321963163
0.297984098297 0.599013353536 0.018872036443 0.084130511724 0.003853542534
0.325325509577 0.456867951410 0.018385084255 0.199421454759 0.004804106088
0.178665541028 0.079715391726 0.723502797863 0.018116269383 0.002321963163
0.297984098297 0.084130511724 0.599013353536 0.018872036443 0.003853542534
0.325325509577 0.199421454759 0.456867951410 0.018385084255 0.004804106088
0.178665541028 0.079715391726 0.018116269383 0.723502797863 0.002321963163
0.297984098297 0.084130511724 0.018872036443 0.599013353536 0.003853542534
0.325325509577 0.199421454759 0.018385084255 0.456867951410 0.004804106088
0.178665541028 0.018116269383 0.723502797863 0.079715391726 0.002321963163
0.297984098297 0.018872036443 0.599013353536 0.084130511724 0.003853542534
0.325325509577 0.018385084255 0.456867951410 0.199421454759 0.004804106088
0.178665541028 0.018116269383 0.079715391726 0.723502797863 0.002321963163
0.297984098297 0.018872036443 0.084130511724 0.599013353536 0.003853542534
0.325325509577 0.018385084255 0.199421454759 0.456867951410 0.004804106088
0.079715391726 0.723502797863 0.178665541028 0.018116269383 0.002321963163
0.084130511724 0.599013353536 0.297984098297 0.018872036443 0.003853542534
0.199421454759 0.456867951410 0.325325509577 0.018385084255 0.004804106088
0.079715391726 0.723502797863 0.018116269383 0.178665541028 0.002321963163
0.084130511724 0.599013353536 0.018872036443 0.297984098297 0.003853542534
0.199421454759 0.456867951410 0.018385084255 0.325325509577 0.004804106088
0.079715391726 0.178665541028 0.723502797863 0.018116269383 0.002321963163
0.084130511724 0.297984098297 0.599013353536 0.018872036443 0.003853542534
0.199421454759 0.325325509577 0.456867951410 0.018385084255 0.004804106088
0.079715391726 0.178665541028 0.018116269383 0.723502797863 0.002321963163
0.084130511724 0.297984098297 0.018872036443 0.599013353536 0.003853542534
0.199421454759 0.325325509577 0.018385084255 0.456867951410 0.004804106088
0.079715391726 0.018116269383 0.723502797863 0.178665541028 0.002321963163
0.084130511724 0.018872036443 0.599013353536 0.297984098297 0.003853542534
0.199421454759 0.018385084255 0.456867951410 0.325325509577 0.004804106088
0.079715391726 0.018116269383 0.178665541028 0.723502797863 0.002321963163
0.084130511724 0.018872036443 0.297984098297 0.599013353536 0.003853542534
0.199421454759 0.018385084255 0.325325509577 0.456867951410 0.004804106088
0.018116269383 0.723502797863 0.178665541028 0.079715391726 0.002321963163
0.018872036443 0.599013353536 0.297984098297 0.084130511724 0.003853542534
0.018385084255 0.456867951410 0.325325509577 0.199421454759 0.004804106088
0.018116269383 0.723502797863 0.079715391726 0.178665541028 0.002321963163
0.018872036443 0.599013353536 0.084130511724 0.297984098297 0.003853542534
0.018385084255 0.456867951410 0.199421454759 0.325325509577 0.004804106088
0.018116269383 0.178665541028 0.723502797863 0.079715391726 0.002321963163
0.018872036443 0.297984098297 0.599013353536 0.084130511724 0.003853542534
0.018385084255 0.325325509577 0.456867951410 0.199421454759 0.004804106088
0.018116269383 0.178665541028 0.079715391726 0.723502797863 0.002321963163
0.018872036443 0.297984098297 0.084130511724 0.599013353536 0.003853542534
0.018385084255 0.325325509577 0.199421454759 0.456867951410 0.004804106088
0.018116269383 0.079715391726 0.723502797863 0.178665541028 0.002321963163
0.018872036443 0.084130511724 0.599013353536 0.297984098297 0.003853542534
0.018385084255 0.199421454759 0.456867951410 0.325325509577 0.004804106088
0.018116269383 0.079715391726 0.178665541028 0.723502797863 0.002321963163
0.018872036443 0.084130511724 0.297984098297 0.599013353536 0.003853542534
0.018385084255 0.199421454759 0.325325509577 0.456867951410 0.004804106088
