0.063089014492 0.063089014492 0.873821971017 0.050844906370
0.249286745171 0.249286745171 0.501426509658 0.116786275726
0.063089014492 0.873821971017 0.063089014492 0.050844906370
0.249286745171 0.501426509658 0.249286745171 0.116786275726
0.873821971017 0.063089014492 0.063089014492 0.050844906370
0.501426509658 0.249286745171 0.249286745171 0.116786275726
0.636502499121 0.310352451034 0.053145049845 0.082851075618
0.053145049845 0.636502499121 0.310352451034 0.082851075618
0.310352451034 0.053145049845 0.636502499121 0.082851075618
0.310352451034 0.636502499121 0.053145049845 0.082851075618
0.053145049845 0.310352451034 0.636502499121 0.082851075618
0.636502499121 0.053145049845 0.310352451034 0.082851075618
