0.271462507015 0.271462507015 0.457074985970 0.062541213196
0.109257827659 0.109257827659 0.781484344681 0.028486052069
0.440111648659 0.440111648659 0.119776702683 0.049918334928
0.488203750946 0.488203750946 0.023592498109 0.024266838081
0.024646363436 0.024646363436 0.950707273127 0.007931642510
0.271462507015 0.457074985970 0.271462507015 0.062541213196
0.109257827659 0.781484344681 0.109257827659 0.028486052069
0.440111648659 0.119776702683 0.440111648659 0.049918334928
0.488203750946 0.023592498109 0.488203750946 0.024266838081
0.024646363436 0.950707273127 0.024646363436 0.007931642510
0.457074985970 0.271462507015 0.271462507015 0.062541213196
0.781484344681 0.109257827659 0.109257827659 0.028486052069
0.119776702683 0.440111648659 0.440111648659 0.049918334928
0.023592498109 0.488203750946 0.488203750946 0.024266838081
0.950707273127 0.024646363436 0.024646363436 0.007931642510
0.116296019678 0.255454228639 0.628249751684 0.043227363659
0.021382490256 0.127279717234 0.851337792510 0.015083677577
0.023034156355 0.291655679738 0.685310163906 0.021783585039
0.628249751684 0.116296019678 0.255454228639 0.043227363659
0.851337792510 0.021382490256 0.127279717234 0.015083677577
0.685310163906 0.023034156355 0.291655679738 0.021783585039
0.255454228639 0.628249751684 0.116296019678 0.043227363659
0.127279717234 0.851337792510 0.021382490256 0.015083677577
0.291655679738 0.685310163906 0.023034156355 0.021783585039
0.255454228639 0.116296019678 0.628249751684 0.043227363659
0.127279717234 0.021382490256 0.851337792510 0.015083677577
0.291655679738 0.023034156355 0.685310163906 0.021783585039
0.628249751684 0.255454228639 0.116296019678 0.043227363659
0.851337792510 0.127279717234 0.021382490256 0.015083677577
0.685310163906 0.291655679738 0.023034156355 0.021783585039
0.116296019678 0.628249751684 0.255454228639 0.043227363659
0.021382490256 0.851337792510 0.127279717234 0.015083677577
0.023034156355 0.685310163906 0.291655679738 0.021783585039
