0.107952724962 0.107952724962 0.107952724962 0.676141825113 0.026426650908
0.185109487783 0.185109487783 0.185109487783 0.444671536652 0.052031747564
0.042316543685 0.042316543685 0.042316543685 0.873050368946 0.007525256154
0.314181709124 0.314181709124 0.314181709124 0.057454872628 0.041763782857
0.107952724962 0.107952724962 0.676141825113 0.107952724962 0.026426650908
0.185109487783 0.185109487783 0.444671536652 0.185109487783 0.052031747564
0.042316543685 0.042316543685 0.873050368946 0.042316543685 0.007525256154
0.314181709124 0.314181709124 0.057454872628 0.314181709124 0.041763782857
0.107952724962 0.676141825113 0.107952724962 0.107952724962 0.026426650908
0.185109487783 0.444671536652 0.185109487783 0.185109487783 0.052031747564
0.042316543685 0.873050368946 0.042316543685 0.042316543685 0.007525256154
0.314181709124 0.057454872628 0.314181709124 0.314181709124 0.041763782857
0.676141825113 0.107952724962 0.107952724962 0.107952724962 0.026426650908
0.444671536652 0.185109487783 0.185109487783 0.185109487783 0.052031747564
0.873050368946 0.042316543685 0.042316543685 0.042316543685 0.007525256154
0.057454872628 0.314181709124 0.314181709124 0.314181709124 0.041763782857
0.435591328584 0.435591328584 0.064408671416 0.064408671416 0.036280930261
0.435591328584 0.064408671416 0.435591328584 0.064408671416 0.036280930261
0.064408671416 0.435591328584 0.435591328584 0.064408671416 0.036280930261
0.435591328584 0.064408671416 0.064408671416 0.435591328584 0.036280930261
0.064408671416 0.435591328584 0.064408671416 0.435591328584 0.036280930261
0.064408671416 0.064408671416 0.435591328584 0.435591328584 0.036280930261
0.021433930127 0.021433930127 0.717464063426 0.239668076319 0.007156902891
0.204139333876 0.204139333876 0.583797378302 0.007923953946 0.015453486151
0.021433930127 0.717464063426 0.021433930127 0.239668076319 0.007156902891
0.204139333876 0.583797378302 0.204139333876 0.007923953946 0.015453486151
0.717464063426 0.021433930127 0.021433930127 0.239668076319 0.007156902891
0.583797378302 0.204139333876 0.204139333876 0.007923953946 0.015453486151
0.021433930127 0.717464063426 0.239668076319 0.021433930127 0.007156902891
0.204139333876 0.583797378302 0.007923953946 0.204139333876 0.015453486151
0.717464063426 0.021433930127 0.239668076319 0.021433930127 0.007156902891
0.583797378302 0.204139333876 0.007923953946 0.204139333876 0.015453486151
0.717464063426 0.239668076319 0.021433930127 0.021433930127 0.007156902891
0.583797378302 0.007923953946 0.204139333876 0.204139333876 0.015453486151
0.021433930127 0.021433930127 0.239668076319 0.717464063426 0.007156902891
0.204139333876 0.204139333876 0.007923953946 0.583797378302 0.015453486151
0.021433930127 0.239668076319 0.021433930127 0.717464063426 0.007156902891
0.204139333876 0.007923953946 0.204139333876 0.583797378302 0.015453486151
0.239668076319 0.021433930127 0.021433930127 0.717464063426 0.007156902891
0.007923953946 0.204139333876 0.204139333876 0.583797378302 0.015453486151
0.021433930127 0.239668076319 0.717464063426 0.021433930127 0.007156902891
0.204139333876 0.007923953946 0.583797378302 0.204139333876 0.015453486151
0.239668076319 0.021433930127 0.717464063426 0.021433930127 0.007156902891
0.007923953946 0.204139333876 0.583797378302 0.204139333876 0.015453486151
0.239668076319 0.717464063426 0.021433930127 0.021433930127 0.007156902891
0.007923953946 0.583797378302 0.204139333876 0.204139333876 0.015453486151
