0.250000000000 0.250000000000 0.250000000000 0.250000000000 0.024769583559
0.026171032773 0.026171032773 0.026171032773 0.921486901681 0.001469927871
0.100686268506 0.100686268506 0.100686268506 0.697941194483 0.009931542058
0.026171032773 0.026171032773 0.921486901681 0.026171032773 0.001469927871
0.100686268506 0.100686268506 0.697941194483 0.100686268506 0.009931542058
0.026171032773 0.921486901681 0.026171032773 0.026171032773 0.001469927871
0.100686268506 0.697941194483 0.100686268506 0.100686268506 0.009931542058
0.921486901681 0.026171032773 0.026171032773 0.026171032773 0.001469927871
0.697941194483 0.100686268506 0.100686268506 0.100686268506 0.009931542058
0.013752365819 0.013752365819 0.486247634181 0.486247634181 0.001719558372
0.388154751270 0.388154751270 0.111845248730 0.111845248730 0.011316734466
0.013752365819 0.486247634181 0.013752365819 0.486247634181 0.001719558372
0.388154751270 0.111845248730 0.388154751270 0.111845248730 0.011316734466
0.486247634181 0.013752365819 0.013752365819 0.486247634181 0.001719558372
0.111845248730 0.388154751270 0.388154751270 0.111845248730 0.011316734466
0.013752365819 0.486247634181 0.486247634181 0.013752365819 0.001719558372
0.388154751270 0.111845248730 0.111845248730 0.388154751270 0.011316734466
0.486247634181 0.013752365819 0.486247634181 0.013752365819 0.001719558372
0.111845248730 0.388154751270 0.111845248730 0.388154751270 0.011316734466
0.486247634181 0.486247634181 0.013752365819 0.013752365819 0.001719558372
0.111845248730 0.111845248730 0.388154751270 0.388154751270 0.011316734466
0.023887878867 0.023887878867 0.870544311615 0.081679930651 0.000727158592
0.019033494432 0.019033494432 0.797047148522 0.164885862614 0.002102019244
0.100859667399 0.100859667399 0.014363375951 0.783917289250 0.002338791048
0.024349064512 0.024349064512 0.632250645926 0.319051225049 0.003273942036
0.371866628335 0.371866628335 0.235275804659 0.020990938671 0.006484016605
0.224717884875 0.224717884875 0.022481988275 0.528082241975 0.007110748231
0.117133625135 0.117133625135 0.521212686487 0.244520063244 0.013545698311
0.251643763364 0.251643763364 0.107334533725 0.389377939548 0.013819311166
0.023887878867 0.870544311615 0.023887878867 0.081679930651 0.000727158592
0.019033494432 0.797047148522 0.019033494432 0.164885862614 0.002102019244
0.100859667399 0.014363375951 0.100859667399 0.783917289250 0.002338791048
0.024349064512 0.632250645926 0.024349064512 0.319051225049 0.003273942036
0.371866628335 0.235275804659 0.371866628335 0.020990938671 0.006484016605
0.224717884875 0.022481988275 0.224717884875 0.528082241975 0.007110748231
0.117133625135 0.521212686487 0.117133625135 0.244520063244 0.013545698311
0.251643763364 0.107334533725 0.251643763364 0.389377939548 0.013819311166
0.870544311615 0.023887878867 0.023887878867 0.081679930651 0.000727158592
0.797047148522 0.019033494432 0.019033494432 0.164885862614 0.002102019244
0.014363375951 0.100859667399 0.100859667399 0.783917289250 0.002338791048
0.632250645926 0.024349064512 0.024349064512 0.319051225049 0.003273942036
0.235275804659 0.371866628335 0.371866628335 0.020990938671 0.006484016605
0.022481988275 0.224717884875 0.224717884875 0.528082241975 0.007110748231
0.521212686487 0.117133625135 0.117133625135 0.244520063244 0.013545698311
0.107334533725 0.251643763364 0.251643763364 0.389377939548 0.013819311166
0.023887878867 0.870544311615 0.081679930651 0.023887878867 0.000727158592
0.019033494432 0.797047148522 0.164885862614 0.019033494432 0.002102019244
0.100859667399 0.014363375951 0.783917289250 0.100859667399 0.002338791048
0.024349064512 0.632250645926 0.319051225049 0.024349064512 0.003273942036
0.371866628335 0.235275804659 0.020990938671 0.371866628335 0.006484016605
0.224717884875 0.022481988275 0.528082241975 0.224717884875 0.007110748231
0.117133625135 0.521212686487 0.244520063244 0.117133625135 0.013545698311
0.251643763364 0.107334533725 0.389377939548 0.251643763364 0.013819311166
0.870544311615 0.023887878867 0.081679930651 0.023887878867 0.000727158592
0.797047148522 0.019033494432 0.164885862614 0.019033494432 0.002102019244
0.014363375951 0.100859667399 0.783917289250 0.100859667399 0.002338791048
0.632250645926 0.024349064512 0.319051225049 0.024349064512 0.003273942036
0.235275804659 0.371866628335 0.020990938671 0.371866628335 0.006484016605
0.022481988275 0.224717884875 0.528082241975 0.224717884875 0.007110748231
0.521212686487 0.117133625135 0.244520063244 0.117133625135 0.013545698311
0.107334533725 0.251643763364 0.389377939548 0.251643763364 0.013819311166
0.870544311615 0.081679930651 0.023887878867 0.023887878867 0.000727158592
0.797047148522 0.164885862614 0.019033494432 0.019033494432 0.002102019244
0.014363375951 0.783917289250 0.100859667399 0.100859667399 0.002338791048
0.632250645926 0.319051225049 0.024349064512 0.024349064512 0.003273942036
0.235275804659 0.020990938671 0.371866628335 0.371866628335 0.006484016605
0.022481988275 0.528082241975 0.224717884875 0.224717884875 0.007110748231
0.521212686487 0.244520063244 0.117133625135 0.117133625135 0.013545698311
0.107334533725 0.389377939548 0.251643763364 0.251643763364 0.013819311166
0.023887878867 0.023887878867 0.081679930651 0.870544311615 0.000727158592
0.019033494432 0.019033494432 0.164885862614 0.797047148522 0.002102019244
0.100859667399 0.100859667399 0.783917289250 0.014363375951 0.002338791048
0.024349064512 0.024349064512 0.319051225049 0.632250645926 0.003273942036
0.371866628335 0.371866628335 0.020990938671 0.235275804659 0.006484016605
0.224717884875 0.224717884875 0.528082241975 0.022481988275 0.007110748231
0.117133625135 0.117133625135 0.244520063244 0.521212686487 0.013545698311
0.251643763364 0.251643763364 0.389377939548 0.107334533725 0.013819311166
0.023887878867 0.081679930651 0.023887878867 0.870544311615 0.000727158592
0.019033494432 0.164885862614 0.019033494432 0.797047148522 0.002102019244
0.100859667399 0.783917289250 0.100859667399 0.014363375951 0.002338791048
0.024349064512 0.319051225049 0.024349064512 0.632250645926 0.003273942036
0.371866628335 0.020990938671 0.371866628335 0.235275804659 0.006484016605
0.224717884875 0.528082241975 0.224717884875 0.022481988275 0.007110748231
0.117133625135 0.244520063244 0.117133625135 0.521212686487 0.013545698311
0.251643763364 0.389377939548 0.251643763364 0.107334533725 0.013819311166
0.081679930651 0.023887878867 0.023887878867 0.870544311615 0.000727158592
0.164885862614 0.019033494432 0.019033494432 0.797047148522 0.002102019244
0.783917289250 0.100859667399 0.100859667399 0.014363375951 0.002338791048
0.319051225049 0.024349064512 0.024349064512 0.632250645926 0.003273942036
0.020990938671 0.371866628335 0.371866628335 0.235275804659 0.006484016605
0.528082241975 0.224717884875 0.224717884875 0.022481988275 0.007110748231
0.244520063244 0.117133625135 0.117133625135 0.521212686487 0.013545698311
0.389377939548 0.251643763364 0.251643763364 0.107334533725 0.013819311166
0.023887878867 0.081679930651 0.870544311615 0.023887878867 0.000727158592
0.019033494432 0.164885862614 0.797047148522 0.019033494432 0.002102019244
0.100859667399 0.783917289250 0.014363375951 0.100859667399 0.002338791048
0.024349064512 0.319051225049 0.632250645926 0.024349064512 0.003273942036
0.371866628335 0.020990938671 0.235275804659 0.371866628335 0.006484016605
0.224717884875 0.528082241975 0.022481988275 0.224717884875 0.007110748231
0.117133625135 0.244520063244 0.521212686487 0.117133625135 0.013545698311
0.251643763364 0.389377939548 0.107334533725 0.251643763364 0.013819311166
0.081679930651 0.023887878867 0.870544311615 0.023887878867 0.000727158592
0.164885862614 0.019033494432 0.797047148522 0.019033494432 0.002102019244
0.783917289250 0.100859667399 0.014363375951 0.100859667399 0.002338791048
0.319051225049 0.024349064512 0.632250645926 0.024349064512 0.003273942036
0.020990938671 0.371866628335 0.235275804659 0.371866628335 0.006484016605
0.528082241975 0.224717884875 0.022481988275 0.224717884875 0.007110748231
0.244520063244 0.117133625135 0.521212686487 0.117133625135 0.013545698311
0.389377939548 0.251643763364 0.107334533725 0.251643763364 0.013819311166
0.081679930651 0.870544311615 0.023887878867 0.023887878867 0.000727158592
0.164885862614 0.797047148522 0.019033494432 0.019033494432 0.002102019244
0.783917289250 0.014363375951 0.100859667399 0.100859667399 0.002338791048
0.319051225049 0.632250645926 0.024349064512 0.024349064512 0.003273942036
0.020990938671 0.235275804659 0.371866628335 0.371866628335 0.006484016605
0.528082241975 0.022481988275 0.224717884875 0.224717884875 0.007110748231
0.244520063244 0.521212686487 0.117133625135 0.117133625135 0.013545698311
0.389377939548 0.107334533725 0.251643763364 0.251643763364 0.013819311166
0.671607979321 0.202865363856 0.101201587305 0.024325069519 0.004462769400
0.518175599327 0.356732336547 0.102838458277 0.022253605849 0.006311670471
0.671607979321 0.202865363856 0.024325069519 0.101201587305 0.004462769400
0.518175599327 0.356732336547 0.022253605849 0.102838458277 0.006311670471
0.671607979321 0.101201587305 0.202865363856 0.024325069519 0.004462769400
0.518175599327 0.102838458277 0.356732336547 0.022253605849 0.006311670471
0.671607979321 0.101201587305 0.024325069519 0.202865363856 0.004462769400
0.518175599327 0.102838458277 0.022253605849 0.356732336547 0.006311670471
0.671607979321 0.024325069519 0.202865363856 0.101201587305 0.004462769400
0.518175599327 0.022253605849 0.356732336547 0.102838458277 0.006311670471
0.671607979321 0.024325069519 0.101201587305 0.202865363856 0.004462769400
0.518175599327 0.022253605849 0.102838458277 0.356732336547 0.006311670471
0.202865363856 0.671607979321 0.101201587305 0.024325069519 0.004462769400
0.356732336547 0.518175599327 0.102838458277 0.022253605849 0.006311670471
0.202865363856 0.671607979321 0.024325069519 0.101201587305 0.004462769400
0.356732336547 0.518175599327 0.022253605849 0.102838458277 0.006311670471
0.202865363856 0.101201587305 0.671607979321 0.024325069519 0.004462769400
0.356732336547 0.102838458277 0.518175599327 0.022253605849 0.006311670471
0.202865363856 0.101201587305 0.024325069519 0.671607979321 0.004462769400
0.356732336547 0.102838458277 0.022253605849 0.518175599327 0.006311670471
0.202865363856 0.024325069519 0.671607979321 0.101201587305 0.004462769400
0.356732336547 0.022253605849 0.518175599327 0.102838458277 0.006311670471
0.202865363856 0.024325069519 0.101201587305 0.671607979321 0.004462769400
0.356732336547 0.022253605849 0.102838458277 0.518175599327 0.006311670471
0.101201587305 0.671607979321 0.202865363856 0.024325069519 0.004462769400
0.102838458277 0.518175599327 0.356732336547 0.022253605849 0.006311670471
0.101201587305 0.671607979321 0.024325069519 0.202865363856 0.004462769400
0.102838458277 0.518175599327 0.022253605849 0.356732336547 0.006311670471
0.101201587305 0.202865363856 0.671607979321 0.024325069519 0.004462769400
0.102838458277 0.356732336547 0.518175599327 0.022253605849 0.006311670471
0.101201587305 0.202865363856 0.024325069519 0.671607979321 0.004462769400
0.102838458277 0.356732336547 0.022253605849 0.518175599327 0.006311670471
0.101201587305 0.024325069519 0.671607979321 0.202865363856 0.004462769400
0.102838458277 0.022253605849 0.518175599327 0.356732336547 0.006311670471
0.101201587305 0.024325069519 0.202865363856 0.671607979321 0.004462769400
0.102838458277 0.022253605849 0.356732336547 0.518175599327 0.006311670471
0.024325069519 0.671607979321 0.202865363856 0.101201587305 0.004462769400
0.022253605849 0.518175599327 0.356732336547 0.102838458277 0.006311670471
0.024325069519 0.671607979321 0.101201587305 0.202865363856 0.004462769400
0.022253605849 0.518175599327 0.102838458277 0.356732336547 0.006311670471
0.024325069519 0.202865363856 0.671607979321 0.101201587305 0.004462769400
0.022253605849 0.356732336547 0.518175599327 0.102838458277 0.006311670471
0.024325069519 0.202865363856 0.101201587305 0.671607979321 0.004462769400
0.022253605849 0.356732336547 0.102838458277 0.518175599327 0.006311670471
0.024325069519 0.101201587305 0.671607979321 0.202865363856 0.004462769400
0.022253605849 0.102838458277 0.518175599327 0.356732336547 0.006311670471
0.024325069519 0.101201587305 0.202865363856 0.671607979321 0.004462769400
0.022253605849 0.102838458277 0.356732336547 0.518175599327 0.006311670471
