0.214602871259 0.214602871259 0.214602871259 0.356191386223 0.039922750258
0.040673958535 0.040673958535 0.040673958535 0.877978124396 0.010077211055
0.322337890142 0.322337890142 0.322337890142 0.032986329573 0.055357181544
0.214602871259 0.214602871259 0.356191386223 0.214602871259 0.039922750258
0.040673958535 0.040673958535 0.877978124396 0.040673958535 0.010077211055
0.322337890142 0.322337890142 0.032986329573 0.322337890142 0.055357181544
0.214602871259 0.356191386223 0.214602871259 0.214602871259 0.039922750258
0.040673958535 0.877978124396 0.040673958535 0.040673958535 0.010077211055
0.322337890142 0.032986329573 0.322337890142 0.322337890142 0.055357181544
0.356191386223 0.214602871259 0.214602871259 0.214602871259 0.039922750258
0.877978124396 0.040673958535 0.040673958535 0.040673958535 0.010077211055
0.032986329573 0.322337890142 0.322337890142 0.322337890142 0.055357181544
0.063661001875 0.063661001875 0.269672331458 0.603005664792 0.048214285714
0.063661001875 0.269672331458 0.063661001875 0.603005664792 0.048214285714
0.269672331458 0.063661001875 0.063661001875 0.603005664792 0.048214285714
0.063661001875 0.269672331458 0.603005664792 0.063661001875 0.048214285714
0.269672331458 0.063661001875 0.603005664792 0.063661001875 0.048214285714
0.269672331458 0.603005664792 0.063661001875 0.063661001875 0.048214285714
0.063661001875 0.063661001875 0.603005664792 0.269672331458 0.048214285714
0.063661001875 0.603005664792 0.063661001875 0.269672331458 0.048214285714
0.603005664792 0.063661001875 0.063661001875 0.269672331458 0.048214285714
0.063661001875 0.603005664792 0.269672331458 0.063661001875 0.048214285714
0.603005664792 0.063661001875 0.269672331458 0.063661001875 0.048214285714
0.603005664792 0.269672331458 0.063661001875 0.063661001875 0.048214285714
