0.417644719340 0.417644719340 0.164710561319 0.032788353544
0.061799883091 0.061799883091 0.876400233818 0.014433699670
0.273477528309 0.273477528309 0.453044943382 0.051774104507
0.177205532413 0.177205532413 0.645588935175 0.042162588737
0.019390961249 0.019390961249 0.961218077503 0.004923403602
0.488963910362 0.488963910362 0.022072179276 0.021883581369
0.417644719340 0.164710561319 0.417644719340 0.032788353544
0.061799883091 0.876400233818 0.061799883091 0.014433699670
0.273477528309 0.453044943382 0.273477528309 0.051774104507
0.177205532413 0.645588935175 0.177205532413 0.042162588737
0.019390961249 0.961218077503 0.019390961249 0.004923403602
0.488963910362 0.022072179276 0.488963910362 0.021883581369
0.164710561319 0.417644719340 0.417644719340 0.032788353544
0.876400233818 0.061799883091 0.061799883091 0.014433699670
0.453044943382 0.273477528309 0.273477528309 0.051774104507
0.645588935175 0.177205532413 0.177205532413 0.042162588737
0.961218077503 0.019390961249 0.019390961249 0.004923403602
0.022072179276 0.488963910362 0.488963910362 0.021883581369
0.014646950056 0.298372882136 0.686980167808 0.014436308114
0.092916249357 0.336861459796 0.570222290847 0.038571510787
0.057124757404 0.172266687821 0.770608554775 0.024665753213
0.001268330933 0.118974497697 0.879757171370 0.005010228839
0.686980167808 0.014646950056 0.298372882136 0.014436308114
0.570222290847 0.092916249357 0.336861459796 0.038571510787
0.770608554775 0.057124757404 0.172266687821 0.024665753213
0.879757171370 0.001268330933 0.118974497697 0.005010228839
0.298372882136 0.686980167808 0.014646950056 0.014436308114
0.336861459796 0.570222290847 0.092916249357 0.038571510787
0.172266687821 0.770608554775 0.057124757404 0.024665753213
0.118974497697 0.879757171370 0.001268330933 0.005010228839
0.298372882136 0.014646950056 0.686980167808 0.014436308114
0.336861459796 0.092916249357 0.570222290847 0.038571510787
0.172266687821 0.057124757404 0.770608554775 0.024665753213
0.118974497697 0.001268330933 0.879757171370 0.005010228839
0.686980167808 0.298372882136 0.014646950056 0.014436308114
0.570222290847 0.336861459796 0.092916249357 0.038571510787
0.770608554775 0.172266687821 0.057124757404 0.024665753213
0.879757171370 0.118974497697 0.001268330933 0.005010228839
0.014646950056 0.686980167808 0.298372882136 0.014436308114
0.092916249357 0.570222290847 0.336861459796 0.038571510787
0.057124757404 0.770608554775 0.172266687821 0.024665753213
0.001268330933 0.879757171370 0.118974497697 0.005010228839
