0.250000000000 0.250000000000 0.250000000000 0.250000000000 0.095485289464
0.315701149778 0.315701149778 0.315701149778 0.052896550665 0.042329581210
0.315701149778 0.315701149778 0.052896550665 0.315701149778 0.042329581210
0.315701149778 0.052896550665 0.315701149778 0.315701149778 0.042329581210
0.052896550665 0.315701149778 0.315701149778 0.315701149778 0.042329581210
0.050489822598 0.050489822598 0.449510177402 0.449510177402 0.031896927833
0.050489822598 0.449510177402 0.050489822598 0.449510177402 0.031896927833
0.449510177402 0.050489822598 0.050489822598 0.449510177402 0.031896927833
0.050489822598 0.449510177402 0.449510177402 0.050489822598 0.031896927833
0.449510177402 0.050489822598 0.449510177402 0.050489822598 0.031896927833
0.449510177402 0.449510177402 0.050489822598 0.050489822598 0.031896927833
0.188833831026 0.188833831026 0.575171637587 0.047160700361 0.037207130728
0.021265472541 0.021265472541 0.810830241099 0.146638813818 0.008110770830
0.188833831026 0.575171637587 0.188833831026 0.047160700361 0.037207130728
0.021265472541 0.810830241099 0.021265472541 0.146638813818 0.008110770830
0.575171637587 0.188833831026 0.188833831026 0.047160700361 0.037207130728
0.810830241099 0.021265472541 0.021265472541 0.146638813818 0.008110770830
0.188833831026 0.575171637587 0.047160700361 0.188833831026 0.037207130728
0.021265472541 0.810830241099 0.146638813818 0.021265472541 0.008110770830
0.575171637587 0.188833831026 0.047160700361 0.188833831026 0.037207130728
0.810830241099 0.021265472541 0.146638813818 0.021265472541 0.008110770830
0.575171637587 0.047160700361 0.188833831026 0.188833831026 0.037207130728
0.810830241099 0.146638813818 0.021265472541 0.021265472541 0.008110770830
0.188833831026 0.188833831026 0.047160700361 0.575171637587 0.037207130728
0.021265472541 0.021265472541 0.146638813818 0.810830241099 0.008110770830
0.188833831026 0.047160700361 0.188833831026 0.575171637587 0.037207130728
0.021265472541 0.146638813818 0.021265472541 0.810830241099 0.008110770830
0.047160700361 0.188833831026 0.188833831026 0.575171637587 0.037207130728
0.146638813818 0.021265472541 0.021265472541 0.810830241099 0.008110770830
0.188833831026 0.047160700361 0.575171637587 0.188833831026 0.037207130728
0.021265472541 0.146638813818 0.810830241099 0.021265472541 0.008110770830
0.047160700361 0.188833831026 0.575171637587 0.188833831026 0.037207130728
0.146638813818 0.021265472541 0.810830241099 0.021265472541 0.008110770830
0.047160700361 0.575171637587 0.188833831026 0.188833831026 0.037207130728
0.146638813818 0.810830241099 0.021265472541 0.021265472541 0.008110770830
