0.092735250311 0.092735250311 0.092735250311 0.721794249067 0.073493043116
0.310885919263 0.310885919263 0.310885919263 0.067342242210 0.112687925718
0.092735250311 0.092735250311 0.721794249067 0.092735250311 0.073493043116
0.310885919263 0.310885919263 0.067342242210 0.310885919263 0.112687925718
0.092735250311 0.721794249067 0.092735250311 0.092735250311 0.073493043116
0.310885919263 0.067342242210 0.310885919263 0.310885919263 0.112687925718
0.721794249067 0.092735250311 0.092735250311 0.092735250311 0.073493043116
0.067342242210 0.310885919263 0.310885919263 0.310885919263 0.112687925718
0.045503704126 0.045503704126 0.454496295874 0.454496295874 0.042546020777
0.045503704126 0.454496295874 0.045503704126 0.454496295874 0.042546020777
0.454496295874 0.045503704126 0.045503704126 0.454496295874 0.042546020777
0.045503704126 0.454496295874 0.454496295874 0.045503704126 0.042546020777
0.454496295874 0.045503704126 0.454496295874 0.045503704126 0.042546020777
0.454496295874 0.454496295874 0.045503704126 0.045503704126 0.042546020777
