0.064930513159 0.064930513159 0.870138973682 0.053077801790
0.064930513159 0.870138973682 0.064930513159 0.053077801790
0.870138973682 0.064930513159 0.064930513159 0.053077801790
0.284575584249 0.517039939069 0.198384476682 0.070853083692
0.313559184385 0.043863471792 0.642577343823 0.069274682079
0.198384476682 0.284575584249 0.517039939069 0.070853083692
0.642577343823 0.313559184385 0.043863471792 0.069274682079
0.517039939069 0.198384476682 0.284575584249 0.070853083692
0.043863471792 0.642577343823 0.313559184385 0.069274682079
0.517039939069 0.284575584249 0.198384476682 0.070853083692
0.043863471792 0.313559184385 0.642577343823 0.069274682079
0.198384476682 0.517039939069 0.284575584249 0.070853083692
0.642577343823 0.043863471792 0.313559184385 0.069274682079
0.284575584249 0.198384476682 0.517039939069 0.070853083692
0.313559184385 0.642577343823 0.043863471792 0.069274682079
