DG integral dump (local rank block)
rank: 0/1
elements: 8

=== Element 0 (rank 0) ===
basis_integrals [size=10]: 0.00208333 0.0104167 0.0104167 0.00208333 0.0104167 0.05625 0.0104167 0.0104167 0.0104167 0.00208333
mass_matrix [shape=10x10]
  0.00143849 -0.000525306 2.92743e-05 7.44048e-05 -0.000525306 -4.33681e-19 0.000744048 2.92743e-05 0.000744048 7.44048e-05
  -0.000525306 0.00868056 -0.00062004 2.92743e-05 0.00401298 0.00334821 -0.00186012 -0.00186012 -0.00153282 0.000744048
  2.92743e-05 -0.00062004 0.00868056 -0.000525306 -0.00186012 0.00334821 0.00401298 -0.00153282 -0.00186012 0.000744048
  7.44048e-05 2.92743e-05 -0.000525306 0.00143849 0.000744048 2.49366e-18 -0.000525306 0.000744048 2.92743e-05 7.44048e-05
  -0.000525306 0.00401298 -0.00186012 0.000744048 0.00868056 0.00334821 -0.00153282 -0.00062004 -0.00186012 2.92743e-05
  -6.50521e-19 0.00334821 0.00334821 2.71051e-18 0.00334821 0.0361607 0.00334821 0.00334821 0.00334821 7.58942e-19
  0.000744048 -0.00186012 0.00401298 -0.000525306 -0.00153282 0.00334821 0.00868056 -0.00186012 -0.00062004 2.92743e-05
  2.92743e-05 -0.00186012 -0.00153282 0.000744048 -0.00062004 0.00334821 -0.00186012 0.00868056 0.00401298 -0.000525306
  0.000744048 -0.00153282 -0.00186012 2.92743e-05 -0.00186012 0.00334821 -0.00062004 0.00401298 0.00868056 -0.000525306
  7.44048e-05 0.000744048 0.000744048 7.44048e-05 2.92743e-05 7.58942e-19 2.92743e-05 -0.000525306 -0.000525306 0.00143849
stiffness_matrix_dim0 [shape=10x10]
  -1.82146e-17 0.00236306 0.00458138 -0.000793651 -0.00236306 3.9465e-17 0.00221832 -0.00458138 -0.00221832 0.000793651
  -0.015673 -0.0892857 0.00730226 -0.00528397 -0.0802596 -0.0638027 0.00685499 0.0248016 0.0153282 -0.00831544
  0.00872855 -0.0370642 -0.0892857 0.0102443 0.0248016 -0.123697 -0.0401298 0.0306564 0.0179466 -0.0105338
  -0.00515873 0.0185939 -0.0235542 -0.0178571 -0.00831544 0.0214286 -0.0259173 -0.0105338 0.0140125 -0.00436508
  0.015673 0.0802596 -0.0248016 0.00831544 0.0892857 0.0638027 -0.0153282 -0.00730226 -0.00685499 0.00528397
  8.67362e-19 0.0638027 0.123697 -0.0214286 -0.0638027 0 0.0598947 -0.123697 -0.0598947 0.0214286
  -0.00221832 -0.00685499 0.0401298 0.0259173 0.0153282 -0.0598947 2.84061e-17 0.0179466 -0.0443664 0.0140125
  -0.00872855 -0.0248016 -0.0306564 0.0105338 0.0370642 0.123697 -0.0179466 0.0892857 0.0401298 -0.0102443
  0.00221832 -0.0153282 -0.0179466 -0.0140125 0.00685499 0.0598947 0.0443664 -0.0401298 6.15827e-17 -0.0259173
  0.00515873 0.00831544 0.0105338 0.00436508 -0.0185939 -0.0214286 -0.0140125 0.0235542 0.0259173 0.0178571
stiffness_matrix_dim1 [shape=10x10]
  0.0178571 0.0235542 -0.0185939 0.00515873 0.0259173 -0.0214286 0.00831544 -0.0140125 0.0105338 0.00436508
  -0.0102443 0.0892857 0.0370642 -0.00872855 0.0401298 0.123697 -0.0248016 -0.0179466 -0.0306564 0.0105338
  0.00528397 -0.00730226 0.0892857 0.015673 -0.00685499 0.0638027 0.0802596 -0.0153282 -0.0248016 0.00831544
  0.000793651 -0.00458138 -0.00236306 7.72494e-19 -0.00221832 3.03577e-18 0.00236306 0.00221832 0.00458138 -0.000793651
  -0.0259173 -0.0401298 0.00685499 0.00221832 1.04083e-17 0.0598947 -0.0153282 0.0443664 -0.0179466 -0.0140125
  0.0214286 -0.123697 -0.0638027 -3.25261e-17 -0.0598947 -4.16334e-17 0.0638027 0.0598947 0.123697 -0.0214286
  -0.00831544 0.0248016 -0.0802596 -0.015673 0.0153282 -0.0638027 -0.0892857 0.00685499 0.00730226 -0.00528397
  0.0140125 0.0179466 0.0153282 -0.00221832 -0.0443664 -0.0598947 -0.00685499 -2.42861e-17 0.0401298 0.0259173
  -0.0105338 0.0306564 0.0248016 0.00872855 0.0179466 -0.123697 -0.0370642 -0.0401298 -0.0892857 0.0102443
  -0.00436508 -0.0105338 -0.00831544 -0.00515873 0.0140125 0.0214286 0.0185939 -0.0259173 -0.0235542 -0.0178571
face_mass_matrix[0] [shape=10x10]
  0.707107 0 0 0 0 0 0 0 0 0
  0 0 0 0 0 0 0 0 0 0
  0 0 0 0 0 0 0 0 0 0
  0 0 0 0 0 0 0 0 0 0
  0 0 0 0 0 0 0 0 0 0
  0 0 0 0 0 0 0 0 0 0
  0 0 0 0 0 0 0 0 0 0
  0 0 0 0 0 0 0 0 0 0
  0 0 0 0 0 0 0 0 0 0
  0 0 0 0 0 0 0 0 0 0
face_integral[0] [size=10]: 0.707107 0 0 0 0 0 0 0 0 0
face_mass_matrix[1] [shape=10x10]
  0.5 0 0 0 0 0 0 0 0 0
  0 0 0 0 0 0 0 0 0 0
  0 0 0 0 0 0 0 0 0 0
  0 0 0 0 0 0 0 0 0 0
  0 0 0 0 0 0 0 0 0 0
  0 0 0 0 0 0 0 0 0 0
  0 0 0 0 0 0 0 0 0 0
  0 0 0 0 0 0 0 0 0 0
  0 0 0 0 0 0 0 0 0 0
  0 0 0 0 0 0 0 0 0 0
face_integral[1] [size=10]: 0.5 0 0 0 0 0 0 0 0 0
face_mass_matrix[2] [shape=10x10]
  0.5 0 0 0 0 0 0 0 0 0
  0 0 0 0 0 0 0 0 0 0
  0 0 0 0 0 0 0 0 0 0
  0 0 0 0 0 0 0 0 0 0
  0 0 0 0 0 0 0 0 0 0
  0 0 0 0 0 0 0 0 0 0
  0 0 0 0 0 0 0 0 0 0
  0 0 0 0 0 0 0 0 0 0
  0 0 0 0 0 0 0 0 0 0
  0 0 0 0 0 0 0 0 0 0
face_integral[2] [size=10]: 0.5 0 0 0 0 0 0 0 0 0
face_coupling[0]: face_id=0, neighbor=6, attr=0, shared=0
  coupling [shape=10x10]
  0.707107 0 0 0 0 0 0 0 0 0
  0 0 0 0 0 0 0 0 0 0
  0 0 0 0 0 0 0 0 0 0
  0 0 0 0 0 0 0 0 0 0
  0 0 0 0 0 0 0 0 0 0
  0 0 0 0 0 0 0 0 0 0
  0 0 0 0 0 0 0 0 0 0
  0 0 0 0 0 0 0 0 0 0
  0 0 0 0 0 0 0 0 0 0
  0 0 0 0 0 0 0 0 0 0
face_coupling[1]: face_id=1, neighbor=1, attr=0, shared=0
  coupling [shape=10x10]
  0.5 0 0 0 0 0 0 0 0 0
  0 0 0 0 0 0 0 0 0 0
  0 0 0 0 0 0 0 0 0 0
  0 0 0 0 0 0 0 0 0 0
  0 0 0 0 0 0 0 0 0 0
  0 0 0 0 0 0 0 0 0 0
  0 0 0 0 0 0 0 0 0 0
  0 0 0 0 0 0 0 0 0 0
  0 0 0 0 0 0 0 0 0 0
  0 0 0 0 0 0 0 0 0 0
face_coupling[2]: face_id=2, neighbor=-1, attr=1, shared=0
  isothermal_rhs [size=10]: 0.5 0 0 0 0 0 0 0 0 0

=== Element 1 (rank 0) ===
basis_integrals [size=10]: 0.00208333 0.0104167 0.0104167 0.00208333 0.0104167 0.05625 0.0104167 0.0104167 0.0104167 0.00208333
mass_matrix [shape=10x10]
  0.00143849 -0.000525306 2.92743e-05 7.44048e-05 -0.000525306 -4.33681e-19 0.000744048 2.92743e-05 0.000744048 7.44048e-05
  -0.000525306 0.00868056 -0.00062004 2.92743e-05 0.00401298 0.00334821 -0.00186012 -0.00186012 -0.00153282 0.000744048
  2.92743e-05 -0.00062004 0.00868056 -0.000525306 -0.00186012 0.00334821 0.00401298 -0.00153282 -0.00186012 0.000744048
  7.44048e-05 2.92743e-05 -0.000525306 0.00143849 0.000744048 2.49366e-18 -0.000525306 0.000744048 2.92743e-05 7.44048e-05
  -0.000525306 0.00401298 -0.00186012 0.000744048 0.00868056 0.00334821 -0.00153282 -0.00062004 -0.00186012 2.92743e-05
  -6.50521e-19 0.00334821 0.00334821 2.71051e-18 0.00334821 0.0361607 0.00334821 0.00334821 0.00334821 7.58942e-19
  0.000744048 -0.00186012 0.00401298 -0.000525306 -0.00153282 0.00334821 0.00868056 -0.00186012 -0.00062004 2.92743e-05
  2.92743e-05 -0.00186012 -0.00153282 0.000744048 -0.00062004 0.00334821 -0.00186012 0.00868056 0.00401298 -0.000525306
  0.000744048 -0.00153282 -0.00186012 2.92743e-05 -0.00186012 0.00334821 -0.00062004 0.00401298 0.00868056 -0.000525306
  7.44048e-05 0.000744048 0.000744048 7.44048e-05 2.92743e-05 7.58942e-19 2.92743e-05 -0.000525306 -0.000525306 0.00143849
stiffness_matrix_dim0 [shape=10x10]
  1.82146e-17 -0.00236306 -0.00458138 0.000793651 0.00236306 -3.9465e-17 -0.00221832 0.00458138 0.00221832 -0.000793651
  0.015673 0.0892857 -0.00730226 0.00528397 0.0802596 0.0638027 -0.00685499 -0.0248016 -0.0153282 0.00831544
  -0.00872855 0.0370642 0.0892857 -0.0102443 -0.0248016 0.123697 0.0401298 -0.0306564 -0.0179466 0.0105338
  0.00515873 -0.0185939 0.0235542 0.0178571 0.00831544 -0.0214286 0.0259173 0.0105338 -0.0140125 0.00436508
  -0.015673 -0.0802596 0.0248016 -0.00831544 -0.0892857 -0.0638027 0.0153282 0.00730226 0.00685499 -0.00528397
  -8.67362e-19 -0.0638027 -0.123697 0.0214286 0.0638027 0 -0.0598947 0.123697 0.0598947 -0.0214286
  0.00221832 0.00685499 -0.0401298 -0.0259173 -0.0153282 0.0598947 -2.84061e-17 -0.0179466 0.0443664 -0.0140125
  0.00872855 0.0248016 0.0306564 -0.0105338 -0.0370642 -0.123697 0.0179466 -0.0892857 -0.0401298 0.0102443
  -0.00221832 0.0153282 0.0179466 0.0140125 -0.00685499 -0.0598947 -0.0443664 0.0401298 -6.15827e-17 0.0259173
  -0.00515873 -0.00831544 -0.0105338 -0.00436508 0.0185939 0.0214286 0.0140125 -0.0235542 -0.0259173 -0.0178571
stiffness_matrix_dim1 [shape=10x10]
  -0.0178571 -0.0235542 0.0185939 -0.00515873 -0.0259173 0.0214286 -0.00831544 0.0140125 -0.0105338 -0.00436508
  0.0102443 -0.0892857 -0.0370642 0.00872855 -0.0401298 -0.123697 0.0248016 0.0179466 0.0306564 -0.0105338
  -0.00528397 0.00730226 -0.0892857 -0.015673 0.00685499 -0.0638027 -0.0802596 0.0153282 0.0248016 -0.00831544
  -0.000793651 0.00458138 0.00236306 -7.72494e-19 0.00221832 -3.03577e-18 -0.00236306 -0.00221832 -0.00458138 0.000793651
  0.0259173 0.0401298 -0.00685499 -0.00221832 -1.04083e-17 -0.0598947 0.0153282 -0.0443664 0.0179466 0.0140125
  -0.0214286 0.123697 0.0638027 3.25261e-17 0.0598947 4.16334e-17 -0.0638027 -0.0598947 -0.123697 0.0214286
  0.00831544 -0.0248016 0.0802596 0.015673 -0.0153282 0.0638027 0.0892857 -0.00685499 -0.00730226 0.00528397
  -0.0140125 -0.0179466 -0.0153282 0.00221832 0.0443664 0.0598947 0.00685499 2.42861e-17 -0.0401298 -0.0259173
  0.0105338 -0.0306564 -0.0248016 -0.00872855 -0.0179466 0.123697 0.0370642 0.0401298 0.0892857 -0.0102443
  0.00436508 0.0105338 0.00831544 0.00515873 -0.0140125 -0.0214286 -0.0185939 0.0259173 0.0235542 0.0178571
face_mass_matrix[0] [shape=10x10]
  0.5 0 0 0 0 0 0 0 0 0
  0 0 0 0 0 0 0 0 0 0
  0 0 0 0 0 0 0 0 0 0
  0 0 0 0 0 0 0 0 0 0
  0 0 0 0 0 0 0 0 0 0
  0 0 0 0 0 0 0 0 0 0
  0 0 0 0 0 0 0 0 0 0
  0 0 0 0 0 0 0 0 0 0
  0 0 0 0 0 0 0 0 0 0
  0 0 0 0 0 0 0 0 0 0
face_integral[0] [size=10]: 0.5 0 0 0 0 0 0 0 0 0
face_mass_matrix[1] [shape=10x10]
  0.707107 0 0 0 0 0 0 0 0 0
  0 0 0 0 0 0 0 0 0 0
  0 0 0 0 0 0 0 0 0 0
  0 0 0 0 0 0 0 0 0 0
  0 0 0 0 0 0 0 0 0 0
  0 0 0 0 0 0 0 0 0 0
  0 0 0 0 0 0 0 0 0 0
  0 0 0 0 0 0 0 0 0 0
  0 0 0 0 0 0 0 0 0 0
  0 0 0 0 0 0 0 0 0 0
face_integral[1] [size=10]: 0.707107 0 0 0 0 0 0 0 0 0
face_mass_matrix[2] [shape=10x10]
  0.5 0 0 0 0 0 0 0 0 0
  0 0 0 0 0 0 0 0 0 0
  0 0 0 0 0 0 0 0 0 0
  0 0 0 0 0 0 0 0 0 0
  0 0 0 0 0 0 0 0 0 0
  0 0 0 0 0 0 0 0 0 0
  0 0 0 0 0 0 0 0 0 0
  0 0 0 0 0 0 0 0 0 0
  0 0 0 0 0 0 0 0 0 0
  0 0 0 0 0 0 0 0 0 0
face_integral[2] [size=10]: 0.5 0 0 0 0 0 0 0 0 0
face_coupling[0]: face_id=1, neighbor=0, attr=0, shared=0
  coupling [shape=10x10]
  0.5 0 0 0 0 0 0 0 0 0
  0 0 0 0 0 0 0 0 0 0
  0 0 0 0 0 0 0 0 0 0
  0 0 0 0 0 0 0 0 0 0
  0 0 0 0 0 0 0 0 0 0
  0 0 0 0 0 0 0 0 0 0
  0 0 0 0 0 0 0 0 0 0
  0 0 0 0 0 0 0 0 0 0
  0 0 0 0 0 0 0 0 0 0
  0 0 0 0 0 0 0 0 0 0
face_coupling[1]: face_id=3, neighbor=3, attr=0, shared=0
  coupling [shape=10x10]
  0.707107 0 0 0 0 0 0 0 0 0
  0 0 0 0 0 0 0 0 0 0
  0 0 0 0 0 0 0 0 0 0
  0 0 0 0 0 0 0 0 0 0
  0 0 0 0 0 0 0 0 0 0
  0 0 0 0 0 0 0 0 0 0
  0 0 0 0 0 0 0 0 0 0
  0 0 0 0 0 0 0 0 0 0
  0 0 0 0 0 0 0 0 0 0
  0 0 0 0 0 0 0 0 0 0
face_coupling[2]: face_id=4, neighbor=2, attr=0, shared=0
  coupling [shape=10x10]
  0.5 0 0 0 0 0 0 0 0 0
  0 0 0 0 0 0 0 0 0 0
  0 0 0 0 0 0 0 0 0 0
  0 0 0 0 0 0 0 0 0 0
  0 0 0 0 0 0 0 0 0 0
  0 0 0 0 0 0 0 0 0 0
  0 0 0 0 0 0 0 0 0 0
  0 0 0 0 0 0 0 0 0 0
  0 0 0 0 0 0 0 0 0 0
  0 0 0 0 0 0 0 0 0 0

=== Element 2 (rank 0) ===
basis_integrals [size=10]: 0.00208333 0.0104167 0.0104167 0.00208333 0.0104167 0.05625 0.0104167 0.0104167 0.0104167 0.00208333
mass_matrix [shape=10x10]
  0.00143849 -0.000525306 2.92743e-05 7.44048e-05 -0.000525306 -4.33681e-19 0.000744048 2.92743e-05 0.000744048 7.44048e-05
  -0.000525306 0.00868056 -0.00062004 2.92743e-05 0.00401298 0.00334821 -0.00186012 -0.00186012 -0.00153282 0.000744048
  2.92743e-05 -0.00062004 0.00868056 -0.000525306 -0.00186012 0.00334821 0.00401298 -0.00153282 -0.00186012 0.000744048
  7.44048e-05 2.92743e-05 -0.000525306 0.00143849 0.000744048 2.49366e-18 -0.000525306 0.000744048 2.92743e-05 7.44048e-05
  -0.000525306 0.00401298 -0.00186012 0.000744048 0.00868056 0.00334821 -0.00153282 -0.00062004 -0.00186012 2.92743e-05
  -6.50521e-19 0.00334821 0.00334821 2.71051e-18 0.00334821 0.0361607 0.00334821 0.00334821 0.00334821 7.58942e-19
  0.000744048 -0.00186012 0.00401298 -0.000525306 -0.00153282 0.00334821 0.00868056 -0.00186012 -0.00062004 2.92743e-05
  2.92743e-05 -0.00186012 -0.00153282 0.000744048 -0.00062004 0.00334821 -0.00186012 0.00868056 0.00401298 -0.000525306
  0.000744048 -0.00153282 -0.00186012 2.92743e-05 -0.00186012 0.00334821 -0.00062004 0.00401298 0.00868056 -0.000525306
  7.44048e-05 0.000744048 0.000744048 7.44048e-05 2.92743e-05 7.58942e-19 2.92743e-05 -0.000525306 -0.000525306 0.00143849
stiffness_matrix_dim0 [shape=10x10]
  -1.82146e-17 0.00236306 0.00458138 -0.000793651 -0.00236306 3.9465e-17 0.00221832 -0.00458138 -0.00221832 0.000793651
  -0.015673 -0.0892857 0.00730226 -0.00528397 -0.0802596 -0.0638027 0.00685499 0.0248016 0.0153282 -0.00831544
  0.00872855 -0.0370642 -0.0892857 0.0102443 0.0248016 -0.123697 -0.0401298 0.0306564 0.0179466 -0.0105338
  -0.00515873 0.0185939 -0.0235542 -0.0178571 -0.00831544 0.0214286 -0.0259173 -0.0105338 0.0140125 -0.00436508
  0.015673 0.0802596 -0.0248016 0.00831544 0.0892857 0.0638027 -0.0153282 -0.00730226 -0.00685499 0.00528397
  8.67362e-19 0.0638027 0.123697 -0.0214286 -0.0638027 0 0.0598947 -0.123697 -0.0598947 0.0214286
  -0.00221832 -0.00685499 0.0401298 0.0259173 0.0153282 -0.0598947 2.84061e-17 0.0179466 -0.0443664 0.0140125
  -0.00872855 -0.0248016 -0.0306564 0.0105338 0.0370642 0.123697 -0.0179466 0.0892857 0.0401298 -0.0102443
  0.00221832 -0.0153282 -0.0179466 -0.0140125 0.00685499 0.0598947 0.0443664 -0.0401298 6.15827e-17 -0.0259173
  0.00515873 0.00831544 0.0105338 0.00436508 -0.0185939 -0.0214286 -0.0140125 0.0235542 0.0259173 0.0178571
stiffness_matrix_dim1 [shape=10x10]
  0.0178571 0.0235542 -0.0185939 0.00515873 0.0259173 -0.0214286 0.00831544 -0.0140125 0.0105338 0.00436508
  -0.0102443 0.0892857 0.0370642 -0.00872855 0.0401298 0.123697 -0.0248016 -0.0179466 -0.0306564 0.0105338
  0.00528397 -0.00730226 0.0892857 0.015673 -0.00685499 0.0638027 0.0802596 -0.0153282 -0.0248016 0.00831544
  0.000793651 -0.00458138 -0.00236306 7.72494e-19 -0.00221832 3.03577e-18 0.00236306 0.00221832 0.00458138 -0.000793651
  -0.0259173 -0.0401298 0.00685499 0.00221832 1.04083e-17 0.0598947 -0.0153282 0.0443664 -0.0179466 -0.0140125
  0.0214286 -0.123697 -0.0638027 -3.25261e-17 -0.0598947 -4.16334e-17 0.0638027 0.0598947 0.123697 -0.0214286
  -0.00831544 0.0248016 -0.0802596 -0.015673 0.0153282 -0.0638027 -0.0892857 0.00685499 0.00730226 -0.00528397
  0.0140125 0.0179466 0.0153282 -0.00221832 -0.0443664 -0.0598947 -0.00685499 -2.42861e-17 0.0401298 0.0259173
  -0.0105338 0.0306564 0.0248016 0.00872855 0.0179466 -0.123697 -0.0370642 -0.0401298 -0.0892857 0.0102443
  -0.00436508 -0.0105338 -0.00831544 -0.00515873 0.0140125 0.0214286 0.0185939 -0.0259173 -0.0235542 -0.0178571
face_mass_matrix[0] [shape=10x10]
  0.5 0 0 0 0 0 0 0 0 0
  0 0 0 0 0 0 0 0 0 0
  0 0 0 0 0 0 0 0 0 0
  0 0 0 0 0 0 0 0 0 0
  0 0 0 0 0 0 0 0 0 0
  0 0 0 0 0 0 0 0 0 0
  0 0 0 0 0 0 0 0 0 0
  0 0 0 0 0 0 0 0 0 0
  0 0 0 0 0 0 0 0 0 0
  0 0 0 0 0 0 0 0 0 0
face_integral[0] [size=10]: 0.5 0 0 0 0 0 0 0 0 0
face_mass_matrix[1] [shape=10x10]
  0.707107 0 0 0 0 0 0 0 0 0
  0 0 0 0 0 0 0 0 0 0
  0 0 0 0 0 0 0 0 0 0
  0 0 0 0 0 0 0 0 0 0
  0 0 0 0 0 0 0 0 0 0
  0 0 0 0 0 0 0 0 0 0
  0 0 0 0 0 0 0 0 0 0
  0 0 0 0 0 0 0 0 0 0
  0 0 0 0 0 0 0 0 0 0
  0 0 0 0 0 0 0 0 0 0
face_integral[1] [size=10]: 0.707107 0 0 0 0 0 0 0 0 0
face_mass_matrix[2] [shape=10x10]
  0.5 0 0 0 0 0 0 0 0 0
  0 0 0 0 0 0 0 0 0 0
  0 0 0 0 0 0 0 0 0 0
  0 0 0 0 0 0 0 0 0 0
  0 0 0 0 0 0 0 0 0 0
  0 0 0 0 0 0 0 0 0 0
  0 0 0 0 0 0 0 0 0 0
  0 0 0 0 0 0 0 0 0 0
  0 0 0 0 0 0 0 0 0 0
  0 0 0 0 0 0 0 0 0 0
face_integral[2] [size=10]: 0.5 0 0 0 0 0 0 0 0 0
face_coupling[0]: face_id=4, neighbor=1, attr=0, shared=0
  coupling [shape=10x10]
  0.5 0 0 0 0 0 0 0 0 0
  0 0 0 0 0 0 0 0 0 0
  0 0 0 0 0 0 0 0 0 0
  0 0 0 0 0 0 0 0 0 0
  0 0 0 0 0 0 0 0 0 0
  0 0 0 0 0 0 0 0 0 0
  0 0 0 0 0 0 0 0 0 0
  0 0 0 0 0 0 0 0 0 0
  0 0 0 0 0 0 0 0 0 0
  0 0 0 0 0 0 0 0 0 0
face_coupling[1]: face_id=5, neighbor=4, attr=0, shared=0
  coupling [shape=10x10]
  0.707107 0 0 0 0 0 0 0 0 0
  0 0 0 0 0 0 0 0 0 0
  0 0 0 0 0 0 0 0 0 0
  0 0 0 0 0 0 0 0 0 0
  0 0 0 0 0 0 0 0 0 0
  0 0 0 0 0 0 0 0 0 0
  0 0 0 0 0 0 0 0 0 0
  0 0 0 0 0 0 0 0 0 0
  0 0 0 0 0 0 0 0 0 0
  0 0 0 0 0 0 0 0 0 0
face_coupling[2]: face_id=6, neighbor=-1, attr=1, shared=0
  isothermal_rhs [size=10]: 0.5 0 0 0 0 0 0 0 0 0

=== Element 3 (rank 0) ===
basis_integrals [size=10]: 0.00208333 0.0104167 0.0104167 0.00208333 0.0104167 0.05625 0.0104167 0.0104167 0.0104167 0.00208333
mass_matrix [shape=10x10]
  0.00143849 -0.000525306 2.92743e-05 7.44048e-05 -0.000525306 -4.33681e-19 0.000744048 2.92743e-05 0.000744048 7.44048e-05
  -0.000525306 0.00868056 -0.00062004 2.92743e-05 0.00401298 0.00334821 -0.00186012 -0.00186012 -0.00153282 0.000744048
  2.92743e-05 -0.00062004 0.00868056 -0.000525306 -0.00186012 0.00334821 0.00401298 -0.00153282 -0.00186012 0.000744048
  7.44048e-05 2.92743e-05 -0.000525306 0.00143849 0.000744048 2.49366e-18 -0.000525306 0.000744048 2.92743e-05 7.44048e-05
  -0.000525306 0.00401298 -0.00186012 0.000744048 0.00868056 0.00334821 -0.00153282 -0.00062004 -0.00186012 2.92743e-05
  -6.50521e-19 0.00334821 0.00334821 2.71051e-18 0.00334821 0.0361607 0.00334821 0.00334821 0.00334821 7.58942e-19
  0.000744048 -0.00186012 0.00401298 -0.000525306 -0.00153282 0.00334821 0.00868056 -0.00186012 -0.00062004 2.92743e-05
  2.92743e-05 -0.00186012 -0.00153282 0.000744048 -0.00062004 0.00334821 -0.00186012 0.00868056 0.00401298 -0.000525306
  0.000744048 -0.00153282 -0.00186012 2.92743e-05 -0.00186012 0.00334821 -0.00062004 0.00401298 0.00868056 -0.000525306
  7.44048e-05 0.000744048 0.000744048 7.44048e-05 2.92743e-05 7.58942e-19 2.92743e-05 -0.000525306 -0.000525306 0.00143849
stiffness_matrix_dim0 [shape=10x10]
  -1.82146e-17 0.00236306 0.00458138 -0.000793651 -0.00236306 3.9465e-17 0.00221832 -0.00458138 -0.00221832 0.000793651
  -0.015673 -0.0892857 0.00730226 -0.00528397 -0.0802596 -0.0638027 0.00685499 0.0248016 0.0153282 -0.00831544
  0.00872855 -0.0370642 -0.0892857 0.0102443 0.0248016 -0.123697 -0.0401298 0.0306564 0.0179466 -0.0105338
  -0.00515873 0.0185939 -0.0235542 -0.0178571 -0.00831544 0.0214286 -0.0259173 -0.0105338 0.0140125 -0.00436508
  0.015673 0.0802596 -0.0248016 0.00831544 0.0892857 0.0638027 -0.0153282 -0.00730226 -0.00685499 0.00528397
  8.67362e-19 0.0638027 0.123697 -0.0214286 -0.0638027 0 0.0598947 -0.123697 -0.0598947 0.0214286
  -0.00221832 -0.00685499 0.0401298 0.0259173 0.0153282 -0.0598947 2.84061e-17 0.0179466 -0.0443664 0.0140125
  -0.00872855 -0.0248016 -0.0306564 0.0105338 0.0370642 0.123697 -0.0179466 0.0892857 0.0401298 -0.0102443
  0.00221832 -0.0153282 -0.0179466 -0.0140125 0.00685499 0.0598947 0.0443664 -0.0401298 6.15827e-17 -0.0259173
  0.00515873 0.00831544 0.0105338 0.00436508 -0.0185939 -0.0214286 -0.0140125 0.0235542 0.0259173 0.0178571
stiffness_matrix_dim1 [shape=10x10]
  0.0178571 0.0235542 -0.0185939 0.00515873 0.0259173 -0.0214286 0.00831544 -0.0140125 0.0105338 0.00436508
  -0.0102443 0.0892857 0.0370642 -0.00872855 0.0401298 0.123697 -0.0248016 -0.0179466 -0.0306564 0.0105338
  0.00528397 -0.00730226 0.0892857 0.015673 -0.00685499 0.0638027 0.0802596 -0.0153282 -0.0248016 0.00831544
  0.000793651 -0.00458138 -0.00236306 7.72494e-19 -0.00221832 3.03577e-18 0.00236306 0.00221832 0.00458138 -0.000793651
  -0.0259173 -0.0401298 0.00685499 0.00221832 1.04083e-17 0.0598947 -0.0153282 0.0443664 -0.0179466 -0.0140125
  0.0214286 -0.123697 -0.0638027 -3.25261e-17 -0.0598947 -4.16334e-17 0.0638027 0.0598947 0.123697 -0.0214286
  -0.00831544 0.0248016 -0.0802596 -0.015673 0.0153282 -0.0638027 -0.0892857 0.00685499 0.00730226 -0.00528397
  0.0140125 0.0179466 0.0153282 -0.00221832 -0.0443664 -0.0598947 -0.00685499 -2.42861e-17 0.0401298 0.0259173
  -0.0105338 0.0306564 0.0248016 0.00872855 0.0179466 -0.123697 -0.0370642 -0.0401298 -0.0892857 0.0102443
  -0.00436508 -0.0105338 -0.00831544 -0.00515873 0.0140125 0.0214286 0.0185939 -0.0259173 -0.0235542 -0.0178571
face_mass_matrix[0] [shape=10x10]
  0.707107 0 0 0 0 0 0 0 0 0
  0 0 0 0 0 0 0 0 0 0
  0 0 0 0 0 0 0 0 0 0
  0 0 0 0 0 0 0 0 0 0
  0 0 0 0 0 0 0 0 0 0
  0 0 0 0 0 0 0 0 0 0
  0 0 0 0 0 0 0 0 0 0
  0 0 0 0 0 0 0 0 0 0
  0 0 0 0 0 0 0 0 0 0
  0 0 0 0 0 0 0 0 0 0
face_integral[0] [size=10]: 0.707107 0 0 0 0 0 0 0 0 0
face_mass_matrix[1] [shape=10x10]
  0.5 0 0 0 0 0 0 0 0 0
  0 0 0 0 0 0 0 0 0 0
  0 0 0 0 0 0 0 0 0 0
  0 0 0 0 0 0 0 0 0 0
  0 0 0 0 0 0 0 0 0 0
  0 0 0 0 0 0 0 0 0 0
  0 0 0 0 0 0 0 0 0 0
  0 0 0 0 0 0 0 0 0 0
  0 0 0 0 0 0 0 0 0 0
  0 0 0 0 0 0 0 0 0 0
face_integral[1] [size=10]: 0.5 0 0 0 0 0 0 0 0 0
face_mass_matrix[2] [shape=10x10]
  0.5 0 0 0 0 0 0 0 0 0
  0 0 0 0 0 0 0 0 0 0
  0 0 0 0 0 0 0 0 0 0
  0 0 0 0 0 0 0 0 0 0
  0 0 0 0 0 0 0 0 0 0
  0 0 0 0 0 0 0 0 0 0
  0 0 0 0 0 0 0 0 0 0
  0 0 0 0 0 0 0 0 0 0
  0 0 0 0 0 0 0 0 0 0
  0 0 0 0 0 0 0 0 0 0
face_integral[2] [size=10]: 0.5 0 0 0 0 0 0 0 0 0
face_coupling[0]: face_id=3, neighbor=1, attr=0, shared=0
  coupling [shape=10x10]
  0.707107 0 0 0 0 0 0 0 0 0
  0 0 0 0 0 0 0 0 0 0
  0 0 0 0 0 0 0 0 0 0
  0 0 0 0 0 0 0 0 0 0
  0 0 0 0 0 0 0 0 0 0
  0 0 0 0 0 0 0 0 0 0
  0 0 0 0 0 0 0 0 0 0
  0 0 0 0 0 0 0 0 0 0
  0 0 0 0 0 0 0 0 0 0
  0 0 0 0 0 0 0 0 0 0
face_coupling[1]: face_id=7, neighbor=-1, attr=1, shared=0
  isothermal_rhs [size=10]: 0.5 0 0 0 0 0 0 0 0 0
face_coupling[2]: face_id=8, neighbor=-1, attr=1, shared=0
  isothermal_rhs [size=10]: 0.5 0 0 0 0 0 0 0 0 0

=== Element 4 (rank 0) ===
basis_integrals [size=10]: 0.00208333 0.0104167 0.0104167 0.00208333 0.0104167 0.05625 0.0104167 0.0104167 0.0104167 0.00208333
mass_matrix [shape=10x10]
  0.00143849 -0.000525306 2.92743e-05 7.44048e-05 -0.000525306 -4.33681e-19 0.000744048 2.92743e-05 0.000744048 7.44048e-05
  -0.000525306 0.00868056 -0.00062004 2.92743e-05 0.00401298 0.00334821 -0.00186012 -0.00186012 -0.00153282 0.000744048
  2.92743e-05 -0.00062004 0.00868056 -0.000525306 -0.00186012 0.00334821 0.00401298 -0.00153282 -0.00186012 0.000744048
  7.44048e-05 2.92743e-05 -0.000525306 0.00143849 0.000744048 2.49366e-18 -0.000525306 0.000744048 2.92743e-05 7.44048e-05
  -0.000525306 0.00401298 -0.00186012 0.000744048 0.00868056 0.00334821 -0.00153282 -0.00062004 -0.00186012 2.92743e-05
  -6.50521e-19 0.00334821 0.00334821 2.71051e-18 0.00334821 0.0361607 0.00334821 0.00334821 0.00334821 7.58942e-19
  0.000744048 -0.00186012 0.00401298 -0.000525306 -0.00153282 0.00334821 0.00868056 -0.00186012 -0.00062004 2.92743e-05
  2.92743e-05 -0.00186012 -0.00153282 0.000744048 -0.00062004 0.00334821 -0.00186012 0.00868056 0.00401298 -0.000525306
  0.000744048 -0.00153282 -0.00186012 2.92743e-05 -0.00186012 0.00334821 -0.00062004 0.00401298 0.00868056 -0.000525306
  7.44048e-05 0.000744048 0.000744048 7.44048e-05 2.92743e-05 7.58942e-19 2.92743e-05 -0.000525306 -0.000525306 0.00143849
stiffness_matrix_dim0 [shape=10x10]
  1.82146e-17 -0.00236306 -0.00458138 0.000793651 0.00236306 -3.9465e-17 -0.00221832 0.00458138 0.00221832 -0.000793651
  0.015673 0.0892857 -0.00730226 0.00528397 0.0802596 0.0638027 -0.00685499 -0.0248016 -0.0153282 0.00831544
  -0.00872855 0.0370642 0.0892857 -0.0102443 -0.0248016 0.123697 0.0401298 -0.0306564 -0.0179466 0.0105338
  0.00515873 -0.0185939 0.0235542 0.0178571 0.00831544 -0.0214286 0.0259173 0.0105338 -0.0140125 0.00436508
  -0.015673 -0.0802596 0.0248016 -0.00831544 -0.0892857 -0.0638027 0.0153282 0.00730226 0.00685499 -0.00528397
  -8.67362e-19 -0.0638027 -0.123697 0.0214286 0.0638027 0 -0.0598947 0.123697 0.0598947 -0.0214286
  0.00221832 0.00685499 -0.0401298 -0.0259173 -0.0153282 0.0598947 -2.84061e-17 -0.0179466 0.0443664 -0.0140125
  0.00872855 0.0248016 0.0306564 -0.0105338 -0.0370642 -0.123697 0.0179466 -0.0892857 -0.0401298 0.0102443
  -0.00221832 0.0153282 0.0179466 0.0140125 -0.00685499 -0.0598947 -0.0443664 0.0401298 -6.15827e-17 0.0259173
  -0.00515873 -0.00831544 -0.0105338 -0.00436508 0.0185939 0.0214286 0.0140125 -0.0235542 -0.0259173 -0.0178571
stiffness_matrix_dim1 [shape=10x10]
  -0.0178571 -0.0235542 0.0185939 -0.00515873 -0.0259173 0.0214286 -0.00831544 0.0140125 -0.0105338 -0.00436508
  0.0102443 -0.0892857 -0.0370642 0.00872855 -0.0401298 -0.123697 0.0248016 0.0179466 0.0306564 -0.0105338
  -0.00528397 0.00730226 -0.0892857 -0.015673 0.00685499 -0.0638027 -0.0802596 0.0153282 0.0248016 -0.00831544
  -0.000793651 0.00458138 0.00236306 -7.72494e-19 0.00221832 -3.03577e-18 -0.00236306 -0.00221832 -0.00458138 0.000793651
  0.0259173 0.0401298 -0.00685499 -0.00221832 -1.04083e-17 -0.0598947 0.0153282 -0.0443664 0.0179466 0.0140125
  -0.0214286 0.123697 0.0638027 3.25261e-17 0.0598947 4.16334e-17 -0.0638027 -0.0598947 -0.123697 0.0214286
  0.00831544 -0.0248016 0.0802596 0.015673 -0.0153282 0.0638027 0.0892857 -0.00685499 -0.00730226 0.00528397
  -0.0140125 -0.0179466 -0.0153282 0.00221832 0.0443664 0.0598947 0.00685499 2.42861e-17 -0.0401298 -0.0259173
  0.0105338 -0.0306564 -0.0248016 -0.00872855 -0.0179466 0.123697 0.0370642 0.0401298 0.0892857 -0.0102443
  0.00436508 0.0105338 0.00831544 0.00515873 -0.0140125 -0.0214286 -0.0185939 0.0259173 0.0235542 0.0178571
face_mass_matrix[0] [shape=10x10]
  0.707107 0 0 0 0 0 0 0 0 0
  0 0 0 0 0 0 0 0 0 0
  0 0 0 0 0 0 0 0 0 0
  0 0 0 0 0 0 0 0 0 0
  0 0 0 0 0 0 0 0 0 0
  0 0 0 0 0 0 0 0 0 0
  0 0 0 0 0 0 0 0 0 0
  0 0 0 0 0 0 0 0 0 0
  0 0 0 0 0 0 0 0 0 0
  0 0 0 0 0 0 0 0 0 0
face_integral[0] [size=10]: 0.707107 0 0 0 0 0 0 0 0 0
face_mass_matrix[1] [shape=10x10]
  0.5 0 0 0 0 0 0 0 0 0
  0 0 0 0 0 0 0 0 0 0
  0 0 0 0 0 0 0 0 0 0
  0 0 0 0 0 0 0 0 0 0
  0 0 0 0 0 0 0 0 0 0
  0 0 0 0 0 0 0 0 0 0
  0 0 0 0 0 0 0 0 0 0
  0 0 0 0 0 0 0 0 0 0
  0 0 0 0 0 0 0 0 0 0
  0 0 0 0 0 0 0 0 0 0
face_integral[1] [size=10]: 0.5 0 0 0 0 0 0 0 0 0
face_mass_matrix[2] [shape=10x10]
  0.5 0 0 0 0 0 0 0 0 0
  0 0 0 0 0 0 0 0 0 0
  0 0 0 0 0 0 0 0 0 0
  0 0 0 0 0 0 0 0 0 0
  0 0 0 0 0 0 0 0 0 0
  0 0 0 0 0 0 0 0 0 0
  0 0 0 0 0 0 0 0 0 0
  0 0 0 0 0 0 0 0 0 0
  0 0 0 0 0 0 0 0 0 0
  0 0 0 0 0 0 0 0 0 0
face_integral[2] [size=10]: 0.5 0 0 0 0 0 0 0 0 0
face_coupling[0]: face_id=5, neighbor=2, attr=0, shared=0
  coupling [shape=10x10]
  0.707107 0 0 0 0 0 0 0 0 0
  0 0 0 0 0 0 0 0 0 0
  0 0 0 0 0 0 0 0 0 0
  0 0 0 0 0 0 0 0 0 0
  0 0 0 0 0 0 0 0 0 0
  0 0 0 0 0 0 0 0 0 0
  0 0 0 0 0 0 0 0 0 0
  0 0 0 0 0 0 0 0 0 0
  0 0 0 0 0 0 0 0 0 0
  0 0 0 0 0 0 0 0 0 0
face_coupling[1]: face_id=9, neighbor=5, attr=0, shared=0
  coupling [shape=10x10]
  0.5 0 0 0 0 0 0 0 0 0
  0 0 0 0 0 0 0 0 0 0
  0 0 0 0 0 0 0 0 0 0
  0 0 0 0 0 0 0 0 0 0
  0 0 0 0 0 0 0 0 0 0
  0 0 0 0 0 0 0 0 0 0
  0 0 0 0 0 0 0 0 0 0
  0 0 0 0 0 0 0 0 0 0
  0 0 0 0 0 0 0 0 0 0
  0 0 0 0 0 0 0 0 0 0
face_coupling[2]: face_id=10, neighbor=-1, attr=1, shared=0
  isothermal_rhs [size=10]: 0.5 0 0 0 0 0 0 0 0 0

=== Element 5 (rank 0) ===
basis_integrals [size=10]: 0.00208333 0.0104167 0.0104167 0.00208333 0.0104167 0.05625 0.0104167 0.0104167 0.0104167 0.00208333
mass_matrix [shape=10x10]
  0.00143849 -0.000525306 2.92743e-05 7.44048e-05 -0.000525306 -4.33681e-19 0.000744048 2.92743e-05 0.000744048 7.44048e-05
  -0.000525306 0.00868056 -0.00062004 2.92743e-05 0.00401298 0.00334821 -0.00186012 -0.00186012 -0.00153282 0.000744048
  2.92743e-05 -0.00062004 0.00868056 -0.000525306 -0.00186012 0.00334821 0.00401298 -0.00153282 -0.00186012 0.000744048
  7.44048e-05 2.92743e-05 -0.000525306 0.00143849 0.000744048 2.49366e-18 -0.000525306 0.000744048 2.92743e-05 7.44048e-05
  -0.000525306 0.00401298 -0.00186012 0.000744048 0.00868056 0.00334821 -0.00153282 -0.00062004 -0.00186012 2.92743e-05
  -6.50521e-19 0.00334821 0.00334821 2.71051e-18 0.00334821 0.0361607 0.00334821 0.00334821 0.00334821 7.58942e-19
  0.000744048 -0.00186012 0.00401298 -0.000525306 -0.00153282 0.00334821 0.00868056 -0.00186012 -0.00062004 2.92743e-05
  2.92743e-05 -0.00186012 -0.00153282 0.000744048 -0.00062004 0.00334821 -0.00186012 0.00868056 0.00401298 -0.000525306
  0.000744048 -0.00153282 -0.00186012 2.92743e-05 -0.00186012 0.00334821 -0.00062004 0.00401298 0.00868056 -0.000525306
  7.44048e-05 0.000744048 0.000744048 7.44048e-05 2.92743e-05 7.58942e-19 2.92743e-05 -0.000525306 -0.000525306 0.00143849
stiffness_matrix_dim0 [shape=10x10]
  -1.82146e-17 0.00236306 0.00458138 -0.000793651 -0.00236306 3.9465e-17 0.00221832 -0.00458138 -0.00221832 0.000793651
  -0.015673 -0.0892857 0.00730226 -0.00528397 -0.0802596 -0.0638027 0.00685499 0.0248016 0.0153282 -0.00831544
  0.00872855 -0.0370642 -0.0892857 0.0102443 0.0248016 -0.123697 -0.0401298 0.0306564 0.0179466 -0.0105338
  -0.00515873 0.0185939 -0.0235542 -0.0178571 -0.00831544 0.0214286 -0.0259173 -0.0105338 0.0140125 -0.00436508
  0.015673 0.0802596 -0.0248016 0.00831544 0.0892857 0.0638027 -0.0153282 -0.00730226 -0.00685499 0.00528397
  8.67362e-19 0.0638027 0.123697 -0.0214286 -0.0638027 0 0.0598947 -0.123697 -0.0598947 0.0214286
  -0.00221832 -0.00685499 0.0401298 0.0259173 0.0153282 -0.0598947 2.84061e-17 0.0179466 -0.0443664 0.0140125
  -0.00872855 -0.0248016 -0.0306564 0.0105338 0.0370642 0.123697 -0.0179466 0.0892857 0.0401298 -0.0102443
  0.00221832 -0.0153282 -0.0179466 -0.0140125 0.00685499 0.0598947 0.0443664 -0.0401298 6.15827e-17 -0.0259173
  0.00515873 0.00831544 0.0105338 0.00436508 -0.0185939 -0.0214286 -0.0140125 0.0235542 0.0259173 0.0178571
stiffness_matrix_dim1 [shape=10x10]
  0.0178571 0.0235542 -0.0185939 0.00515873 0.0259173 -0.0214286 0.00831544 -0.0140125 0.0105338 0.00436508
  -0.0102443 0.0892857 0.0370642 -0.00872855 0.0401298 0.123697 -0.0248016 -0.0179466 -0.0306564 0.0105338
  0.00528397 -0.00730226 0.0892857 0.015673 -0.00685499 0.0638027 0.0802596 -0.0153282 -0.0248016 0.00831544
  0.000793651 -0.00458138 -0.00236306 7.72494e-19 -0.00221832 3.03577e-18 0.00236306 0.00221832 0.00458138 -0.000793651
  -0.0259173 -0.0401298 0.00685499 0.00221832 1.04083e-17 0.0598947 -0.0153282 0.0443664 -0.0179466 -0.0140125
  0.0214286 -0.123697 -0.0638027 -3.25261e-17 -0.0598947 -4.16334e-17 0.0638027 0.0598947 0.123697 -0.0214286
  -0.00831544 0.0248016 -0.0802596 -0.015673 0.0153282 -0.0638027 -0.0892857 0.00685499 0.00730226 -0.00528397
  0.0140125 0.0179466 0.0153282 -0.00221832 -0.0443664 -0.0598947 -0.00685499 -2.42861e-17 0.0401298 0.0259173
  -0.0105338 0.0306564 0.0248016 0.00872855 0.0179466 -0.123697 -0.0370642 -0.0401298 -0.0892857 0.0102443
  -0.00436508 -0.0105338 -0.00831544 -0.00515873 0.0140125 0.0214286 0.0185939 -0.0259173 -0.0235542 -0.0178571
face_mass_matrix[0] [shape=10x10]
  0.5 0 0 0 0 0 0 0 0 0
  0 0 0 0 0 0 0 0 0 0
  0 0 0 0 0 0 0 0 0 0
  0 0 0 0 0 0 0 0 0 0
  0 0 0 0 0 0 0 0 0 0
  0 0 0 0 0 0 0 0 0 0
  0 0 0 0 0 0 0 0 0 0
  0 0 0 0 0 0 0 0 0 0
  0 0 0 0 0 0 0 0 0 0
  0 0 0 0 0 0 0 0 0 0
face_integral[0] [size=10]: 0.5 0 0 0 0 0 0 0 0 0
face_mass_matrix[1] [shape=10x10]
  0.707107 0 0 0 0 0 0 0 0 0
  0 0 0 0 0 0 0 0 0 0
  0 0 0 0 0 0 0 0 0 0
  0 0 0 0 0 0 0 0 0 0
  0 0 0 0 0 0 0 0 0 0
  0 0 0 0 0 0 0 0 0 0
  0 0 0 0 0 0 0 0 0 0
  0 0 0 0 0 0 0 0 0 0
  0 0 0 0 0 0 0 0 0 0
  0 0 0 0 0 0 0 0 0 0
face_integral[1] [size=10]: 0.707107 0 0 0 0 0 0 0 0 0
face_mass_matrix[2] [shape=10x10]
  0.5 0 0 0 0 0 0 0 0 0
  0 0 0 0 0 0 0 0 0 0
  0 0 0 0 0 0 0 0 0 0
  0 0 0 0 0 0 0 0 0 0
  0 0 0 0 0 0 0 0 0 0
  0 0 0 0 0 0 0 0 0 0
  0 0 0 0 0 0 0 0 0 0
  0 0 0 0 0 0 0 0 0 0
  0 0 0 0 0 0 0 0 0 0
  0 0 0 0 0 0 0 0 0 0
face_integral[2] [size=10]: 0.5 0 0 0 0 0 0 0 0 0
face_coupling[0]: face_id=9, neighbor=4, attr=0, shared=0
  coupling [shape=10x10]
  0.5 0 0 0 0 0 0 0 0 0
  0 0 0 0 0 0 0 0 0 0
  0 0 0 0 0 0 0 0 0 0
  0 0 0 0 0 0 0 0 0 0
  0 0 0 0 0 0 0 0 0 0
  0 0 0 0 0 0 0 0 0 0
  0 0 0 0 0 0 0 0 0 0
  0 0 0 0 0 0 0 0 0 0
  0 0 0 0 0 0 0 0 0 0
  0 0 0 0 0 0 0 0 0 0
face_coupling[1]: face_id=11, neighbor=7, attr=0, shared=0
  coupling [shape=10x10]
  0.707107 0 0 0 0 0 0 0 0 0
  0 0 0 0 0 0 0 0 0 0
  0 0 0 0 0 0 0 0 0 0
  0 0 0 0 0 0 0 0 0 0
  0 0 0 0 0 0 0 0 0 0
  0 0 0 0 0 0 0 0 0 0
  0 0 0 0 0 0 0 0 0 0
  0 0 0 0 0 0 0 0 0 0
  0 0 0 0 0 0 0 0 0 0
  0 0 0 0 0 0 0 0 0 0
face_coupling[2]: face_id=12, neighbor=6, attr=0, shared=0
  coupling [shape=10x10]
  0.5 0 0 0 0 0 0 0 0 0
  0 0 0 0 0 0 0 0 0 0
  0 0 0 0 0 0 0 0 0 0
  0 0 0 0 0 0 0 0 0 0
  0 0 0 0 0 0 0 0 0 0
  0 0 0 0 0 0 0 0 0 0
  0 0 0 0 0 0 0 0 0 0
  0 0 0 0 0 0 0 0 0 0
  0 0 0 0 0 0 0 0 0 0
  0 0 0 0 0 0 0 0 0 0

=== Element 6 (rank 0) ===
basis_integrals [size=10]: 0.00208333 0.0104167 0.0104167 0.00208333 0.0104167 0.05625 0.0104167 0.0104167 0.0104167 0.00208333
mass_matrix [shape=10x10]
  0.00143849 -0.000525306 2.92743e-05 7.44048e-05 -0.000525306 -4.33681e-19 0.000744048 2.92743e-05 0.000744048 7.44048e-05
  -0.000525306 0.00868056 -0.00062004 2.92743e-05 0.00401298 0.00334821 -0.00186012 -0.00186012 -0.00153282 0.000744048
  2.92743e-05 -0.00062004 0.00868056 -0.000525306 -0.00186012 0.00334821 0.00401298 -0.00153282 -0.00186012 0.000744048
  7.44048e-05 2.92743e-05 -0.000525306 0.00143849 0.000744048 2.49366e-18 -0.000525306 0.000744048 2.92743e-05 7.44048e-05
  -0.000525306 0.00401298 -0.00186012 0.000744048 0.00868056 0.00334821 -0.00153282 -0.00062004 -0.00186012 2.92743e-05
  -6.50521e-19 0.00334821 0.00334821 2.71051e-18 0.00334821 0.0361607 0.00334821 0.00334821 0.00334821 7.58942e-19
  0.000744048 -0.00186012 0.00401298 -0.000525306 -0.00153282 0.00334821 0.00868056 -0.00186012 -0.00062004 2.92743e-05
  2.92743e-05 -0.00186012 -0.00153282 0.000744048 -0.00062004 0.00334821 -0.00186012 0.00868056 0.00401298 -0.000525306
  0.000744048 -0.00153282 -0.00186012 2.92743e-05 -0.00186012 0.00334821 -0.00062004 0.00401298 0.00868056 -0.000525306
  7.44048e-05 0.000744048 0.000744048 7.44048e-05 2.92743e-05 7.58942e-19 2.92743e-05 -0.000525306 -0.000525306 0.00143849
stiffness_matrix_dim0 [shape=10x10]
  1.82146e-17 -0.00236306 -0.00458138 0.000793651 0.00236306 -3.9465e-17 -0.00221832 0.00458138 0.00221832 -0.000793651
  0.015673 0.0892857 -0.00730226 0.00528397 0.0802596 0.0638027 -0.00685499 -0.0248016 -0.0153282 0.00831544
  -0.00872855 0.0370642 0.0892857 -0.0102443 -0.0248016 0.123697 0.0401298 -0.0306564 -0.0179466 0.0105338
  0.00515873 -0.0185939 0.0235542 0.0178571 0.00831544 -0.0214286 0.0259173 0.0105338 -0.0140125 0.00436508
  -0.015673 -0.0802596 0.0248016 -0.00831544 -0.0892857 -0.0638027 0.0153282 0.00730226 0.00685499 -0.00528397
  -8.67362e-19 -0.0638027 -0.123697 0.0214286 0.0638027 0 -0.0598947 0.123697 0.0598947 -0.0214286
  0.00221832 0.00685499 -0.0401298 -0.0259173 -0.0153282 0.0598947 -2.84061e-17 -0.0179466 0.0443664 -0.0140125
  0.00872855 0.0248016 0.0306564 -0.0105338 -0.0370642 -0.123697 0.0179466 -0.0892857 -0.0401298 0.0102443
  -0.00221832 0.0153282 0.0179466 0.0140125 -0.00685499 -0.0598947 -0.0443664 0.0401298 -6.15827e-17 0.0259173
  -0.00515873 -0.00831544 -0.0105338 -0.00436508 0.0185939 0.0214286 0.0140125 -0.0235542 -0.0259173 -0.0178571
stiffness_matrix_dim1 [shape=10x10]
  -0.0178571 -0.0235542 0.0185939 -0.00515873 -0.0259173 0.0214286 -0.00831544 0.0140125 -0.0105338 -0.00436508
  0.0102443 -0.0892857 -0.0370642 0.00872855 -0.0401298 -0.123697 0.0248016 0.0179466 0.0306564 -0.0105338
  -0.00528397 0.00730226 -0.0892857 -0.015673 0.00685499 -0.0638027 -0.0802596 0.0153282 0.0248016 -0.00831544
  -0.000793651 0.00458138 0.00236306 -7.72494e-19 0.00221832 -3.03577e-18 -0.00236306 -0.00221832 -0.00458138 0.000793651
  0.0259173 0.0401298 -0.00685499 -0.00221832 -1.04083e-17 -0.0598947 0.0153282 -0.0443664 0.0179466 0.0140125
  -0.0214286 0.123697 0.0638027 3.25261e-17 0.0598947 4.16334e-17 -0.0638027 -0.0598947 -0.123697 0.0214286
  0.00831544 -0.0248016 0.0802596 0.015673 -0.0153282 0.0638027 0.0892857 -0.00685499 -0.00730226 0.00528397
  -0.0140125 -0.0179466 -0.0153282 0.00221832 0.0443664 0.0598947 0.00685499 2.42861e-17 -0.0401298 -0.0259173
  0.0105338 -0.0306564 -0.0248016 -0.00872855 -0.0179466 0.123697 0.0370642 0.0401298 0.0892857 -0.0102443
  0.00436508 0.0105338 0.00831544 0.00515873 -0.0140125 -0.0214286 -0.0185939 0.0259173 0.0235542 0.0178571
face_mass_matrix[0] [shape=10x10]
  0.707107 0 0 0 0 0 0 0 0 0
  0 0 0 0 0 0 0 0 0 0
  0 0 0 0 0 0 0 0 0 0
  0 0 0 0 0 0 0 0 0 0
  0 0 0 0 0 0 0 0 0 0
  0 0 0 0 0 0 0 0 0 0
  0 0 0 0 0 0 0 0 0 0
  0 0 0 0 0 0 0 0 0 0
  0 0 0 0 0 0 0 0 0 0
  0 0 0 0 0 0 0 0 0 0
face_integral[0] [size=10]: 0.707107 0 0 0 0 0 0 0 0 0
face_mass_matrix[1] [shape=10x10]
  0.5 0 0 0 0 0 0 0 0 0
  0 0 0 0 0 0 0 0 0 0
  0 0 0 0 0 0 0 0 0 0
  0 0 0 0 0 0 0 0 0 0
  0 0 0 0 0 0 0 0 0 0
  0 0 0 0 0 0 0 0 0 0
  0 0 0 0 0 0 0 0 0 0
  0 0 0 0 0 0 0 0 0 0
  0 0 0 0 0 0 0 0 0 0
  0 0 0 0 0 0 0 0 0 0
face_integral[1] [size=10]: 0.5 0 0 0 0 0 0 0 0 0
face_mass_matrix[2] [shape=10x10]
  0.5 0 0 0 0 0 0 0 0 0
  0 0 0 0 0 0 0 0 0 0
  0 0 0 0 0 0 0 0 0 0
  0 0 0 0 0 0 0 0 0 0
  0 0 0 0 0 0 0 0 0 0
  0 0 0 0 0 0 0 0 0 0
  0 0 0 0 0 0 0 0 0 0
  0 0 0 0 0 0 0 0 0 0
  0 0 0 0 0 0 0 0 0 0
  0 0 0 0 0 0 0 0 0 0
face_integral[2] [size=10]: 0.5 0 0 0 0 0 0 0 0 0
face_coupling[0]: face_id=0, neighbor=0, attr=0, shared=0
  coupling [shape=10x10]
  0.707107 0 0 0 0 0 0 0 0 0
  0 0 0 0 0 0 0 0 0 0
  0 0 0 0 0 0 0 0 0 0
  0 0 0 0 0 0 0 0 0 0
  0 0 0 0 0 0 0 0 0 0
  0 0 0 0 0 0 0 0 0 0
  0 0 0 0 0 0 0 0 0 0
  0 0 0 0 0 0 0 0 0 0
  0 0 0 0 0 0 0 0 0 0
  0 0 0 0 0 0 0 0 0 0
face_coupling[1]: face_id=12, neighbor=5, attr=0, shared=0
  coupling [shape=10x10]
  0.5 0 0 0 0 0 0 0 0 0
  0 0 0 0 0 0 0 0 0 0
  0 0 0 0 0 0 0 0 0 0
  0 0 0 0 0 0 0 0 0 0
  0 0 0 0 0 0 0 0 0 0
  0 0 0 0 0 0 0 0 0 0
  0 0 0 0 0 0 0 0 0 0
  0 0 0 0 0 0 0 0 0 0
  0 0 0 0 0 0 0 0 0 0
  0 0 0 0 0 0 0 0 0 0
face_coupling[2]: face_id=13, neighbor=-1, attr=2, shared=0
  isothermal_rhs [size=10]: 0.5 0 0 0 0 0 0 0 0 0

=== Element 7 (rank 0) ===
basis_integrals [size=10]: 0.00208333 0.0104167 0.0104167 0.00208333 0.0104167 0.05625 0.0104167 0.0104167 0.0104167 0.00208333
mass_matrix [shape=10x10]
  0.00143849 -0.000525306 2.92743e-05 7.44048e-05 -0.000525306 -4.33681e-19 0.000744048 2.92743e-05 0.000744048 7.44048e-05
  -0.000525306 0.00868056 -0.00062004 2.92743e-05 0.00401298 0.00334821 -0.00186012 -0.00186012 -0.00153282 0.000744048
  2.92743e-05 -0.00062004 0.00868056 -0.000525306 -0.00186012 0.00334821 0.00401298 -0.00153282 -0.00186012 0.000744048
  7.44048e-05 2.92743e-05 -0.000525306 0.00143849 0.000744048 2.49366e-18 -0.000525306 0.000744048 2.92743e-05 7.44048e-05
  -0.000525306 0.00401298 -0.00186012 0.000744048 0.00868056 0.00334821 -0.00153282 -0.00062004 -0.00186012 2.92743e-05
  -6.50521e-19 0.00334821 0.00334821 2.71051e-18 0.00334821 0.0361607 0.00334821 0.00334821 0.00334821 7.58942e-19
  0.000744048 -0.00186012 0.00401298 -0.000525306 -0.00153282 0.00334821 0.00868056 -0.00186012 -0.00062004 2.92743e-05
  2.92743e-05 -0.00186012 -0.00153282 0.000744048 -0.00062004 0.00334821 -0.00186012 0.00868056 0.00401298 -0.000525306
  0.000744048 -0.00153282 -0.00186012 2.92743e-05 -0.00186012 0.00334821 -0.00062004 0.00401298 0.00868056 -0.000525306
  7.44048e-05 0.000744048 0.000744048 7.44048e-05 2.92743e-05 7.58942e-19 2.92743e-05 -0.000525306 -0.000525306 0.00143849
stiffness_matrix_dim0 [shape=10x10]
  1.82146e-17 -0.00236306 -0.00458138 0.000793651 0.00236306 -3.9465e-17 -0.00221832 0.00458138 0.00221832 -0.000793651
  0.015673 0.0892857 -0.00730226 0.00528397 0.0802596 0.0638027 -0.00685499 -0.0248016 -0.0153282 0.00831544
  -0.00872855 0.0370642 0.0892857 -0.0102443 -0.0248016 0.123697 0.0401298 -0.0306564 -0.0179466 0.0105338
  0.00515873 -0.0185939 0.0235542 0.0178571 0.00831544 -0.0214286 0.0259173 0.0105338 -0.0140125 0.00436508
  -0.015673 -0.0802596 0.0248016 -0.00831544 -0.0892857 -0.0638027 0.0153282 0.00730226 0.00685499 -0.00528397
  -8.67362e-19 -0.0638027 -0.123697 0.0214286 0.0638027 0 -0.0598947 0.123697 0.0598947 -0.0214286
  0.00221832 0.00685499 -0.0401298 -0.0259173 -0.0153282 0.0598947 -2.84061e-17 -0.0179466 0.0443664 -0.0140125
  0.00872855 0.0248016 0.0306564 -0.0105338 -0.0370642 -0.123697 0.0179466 -0.0892857 -0.0401298 0.0102443
  -0.00221832 0.0153282 0.0179466 0.0140125 -0.00685499 -0.0598947 -0.0443664 0.0401298 -6.15827e-17 0.0259173
  -0.00515873 -0.00831544 -0.0105338 -0.00436508 0.0185939 0.0214286 0.0140125 -0.0235542 -0.0259173 -0.0178571
stiffness_matrix_dim1 [shape=10x10]
