DG integral dump (local rank block)
rank: 0/1
elements: 8

=== Element 0 (rank 0) ===
basis_integrals [size=10]: 6.69444e-15 1.27703e-14 1.27703e-14 6.69444e-15 1.27703e-14 2.82948e-14 1.27703e-14 1.27703e-14 1.27703e-14 6.69444e-15
mass_matrix [shape=10x10]
  6.88038e-15 -5.27011e-16 3.934e-16 -1.1951e-16 -5.27011e-16 2.32597e-16 4.38528e-17 3.934e-16 4.38528e-17 -1.1951e-16
  -5.27011e-16 1.36329e-14 -1.09273e-15 3.934e-16 8.48306e-16 2.27006e-16 -3.81415e-16 -3.81415e-16 7.45435e-18 4.38528e-17
  3.934e-16 -1.09273e-15 1.36329e-14 -5.27011e-16 -3.81415e-16 2.27006e-16 8.48306e-16 7.45435e-18 -3.81415e-16 4.38528e-17
  -1.1951e-16 3.934e-16 -5.27011e-16 6.88038e-15 4.38528e-17 2.32597e-16 -5.27011e-16 4.38528e-17 3.934e-16 -1.1951e-16
  -5.27011e-16 8.48306e-16 -3.81415e-16 4.38528e-17 1.36329e-14 2.27006e-16 7.45435e-18 -1.09273e-15 -3.81415e-16 3.934e-16
  2.32597e-16 2.27006e-16 2.27006e-16 2.32597e-16 2.27006e-16 2.62349e-14 2.27006e-16 2.27006e-16 2.27006e-16 2.32597e-16
  4.38528e-17 -3.81415e-16 8.48306e-16 -5.27011e-16 7.45435e-18 2.27006e-16 1.36329e-14 -3.81415e-16 -1.09273e-15 3.934e-16
  3.934e-16 -3.81415e-16 7.45435e-18 4.38528e-17 -1.09273e-15 2.27006e-16 -3.81415e-16 1.36329e-14 8.48306e-16 -5.27011e-16
  4.38528e-17 7.45435e-18 -3.81415e-16 3.934e-16 -3.81415e-16 2.27006e-16 -1.09273e-15 8.48306e-16 1.36329e-14 -5.27011e-16
  -1.1951e-16 4.38528e-17 4.38528e-17 -1.1951e-16 3.934e-16 2.32597e-16 3.934e-16 -5.27011e-16 -5.27011e-16 6.88038e-15
stiffness_matrix_dim0 [shape=10x10]
  1.02557e-22 3.02001e-09 3.23034e-09 -5.53603e-11 -3.02001e-09 3.30872e-23 2.10331e-10 -3.23034e-09 -2.10331e-10 5.53603e-11
  -1.34466e-07 -1.1498e-07 -3.63959e-09 -1.04703e-09 -1.00973e-07 -1.65752e-08 1.60071e-09 1.13431e-08 2.57625e-09 -1.3038e-09
  5.84229e-08 -8.32831e-08 -1.34587e-07 1.3219e-09 8.26327e-08 -9.4431e-08 -7.86616e-09 4.28837e-08 3.68919e-09 -1.71953e-09
  -1.65187e-08 2.17365e-08 -3.80892e-08 -9.28915e-08 -3.22649e-08 3.13323e-08 -4.11092e-08 -3.24752e-08 1.85061e-08 -1.64633e-08
  1.34466e-07 1.00973e-07 -1.13431e-08 1.3038e-09 1.1498e-07 1.65752e-08 -2.57625e-09 3.63959e-09 -1.60071e-09 1.04703e-09
  -1.92733e-22 1.70863e-07 1.82763e-07 -3.13212e-09 -1.70863e-07 4.63221e-23 1.18999e-08 -1.82763e-07 -1.18999e-08 3.13212e-09
  -4.15731e-10 -7.6539e-09 9.31067e-08 1.35787e-07 4.03074e-08 -7.78559e-08 -1.96075e-08 8.1032e-08 -7.96435e-08 5.94699e-08
  -5.84229e-08 -8.26327e-08 -4.28837e-08 1.71953e-09 8.32831e-08 9.4431e-08 -3.68919e-09 1.34587e-07 7.86616e-09 -1.3219e-09
  4.15731e-10 -4.03074e-08 -8.1032e-08 -5.94699e-08 7.6539e-09 7.78559e-08 7.96435e-08 -9.31067e-08 1.96075e-08 -1.35787e-07
  1.65187e-08 3.22649e-08 3.24752e-08 1.64633e-08 -2.17365e-08 -3.13323e-08 -1.85061e-08 3.80892e-08 4.11092e-08 9.28915e-08
stiffness_matrix_dim1 [shape=10x10]
  9.28915e-08 3.80892e-08 -2.17365e-08 1.65187e-08 4.11092e-08 -3.13323e-08 3.22649e-08 -1.85061e-08 3.24752e-08 1.64633e-08
  -1.3219e-09 1.34587e-07 8.32831e-08 -5.84229e-08 7.86616e-09 9.4431e-08 -8.26327e-08 -3.68919e-09 -4.28837e-08 1.71953e-09
  1.04703e-09 3.63959e-09 1.1498e-07 1.34466e-07 -1.60071e-09 1.65752e-08 1.00973e-07 -2.57625e-09 -1.13431e-08 1.3038e-09
  5.53603e-11 -3.23034e-09 -3.02001e-09 0 -2.10331e-10 1.07533e-23 3.02001e-09 2.10331e-10 3.23034e-09 -5.53603e-11
  -1.35787e-07 -9.31067e-08 7.6539e-09 4.15731e-10 1.96075e-08 7.78559e-08 -4.03074e-08 7.96435e-08 -8.1032e-08 -5.94699e-08
  3.13212e-09 -1.82763e-07 -1.70863e-07 -1.72881e-22 -1.18999e-08 -2.24993e-22 1.70863e-07 1.18999e-08 1.82763e-07 -3.13212e-09
  -1.3038e-09 1.13431e-08 -1.00973e-07 -1.34466e-07 2.57625e-09 -1.65752e-08 -1.1498e-07 1.60071e-09 -3.63959e-09 -1.04703e-09
  5.94699e-08 8.1032e-08 4.03074e-08 -4.15731e-10 -7.96435e-08 -7.78559e-08 -7.6539e-09 -1.96075e-08 9.31067e-08 1.35787e-07
  -1.71953e-09 4.28837e-08 8.26327e-08 5.84229e-08 3.68919e-09 -9.4431e-08 -8.32831e-08 -7.86616e-09 -1.34587e-07 1.3219e-09
  -1.64633e-08 -3.24752e-08 -3.22649e-08 -1.65187e-08 1.85061e-08 3.13323e-08 2.17365e-08 -4.11092e-08 -3.80892e-08 -9.28915e-08
face_mass_matrix[0] [shape=10x10]
  3.4078e-06 -1.51087e-06 6.55555e-07 -1.71243e-07 -1.51087e-06 3.16406e-07 -5.93862e-08 6.55555e-07 -5.93862e-08 -1.71243e-07
  -1.51087e-06 6.69856e-07 -2.90645e-07 7.59217e-08 6.69856e-07 -1.40281e-07 2.63293e-08 -2.90645e-07 2.63293e-08 7.59217e-08
  6.55555e-07 -2.90645e-07 1.26109e-07 -3.29418e-08 -2.90645e-07 6.08668e-08 -1.14241e-08 1.26109e-07 -1.14241e-08 -3.29418e-08
  -1.71243e-07 7.59217e-08 -3.29418e-08 8.60499e-09 7.59217e-08 -1.58995e-08 2.98417e-09 -3.29418e-08 2.98417e-09 8.60499e-09
  -1.51087e-06 6.69856e-07 -2.90645e-07 7.59217e-08 6.69856e-07 -1.40281e-07 2.63293e-08 -2.90645e-07 2.63293e-08 7.59217e-08
  3.16406e-07 -1.40281e-07 6.08668e-08 -1.58995e-08 -1.40281e-07 2.93776e-08 -5.51387e-09 6.08668e-08 -5.51387e-09 -1.58995e-08
  -5.93862e-08 2.63293e-08 -1.14241e-08 2.98417e-09 2.63293e-08 -5.51387e-09 1.0349e-09 -1.14241e-08 1.0349e-09 2.98417e-09
  6.55555e-07 -2.90645e-07 1.26109e-07 -3.29418e-08 -2.90645e-07 6.08668e-08 -1.14241e-08 1.26109e-07 -1.14241e-08 -3.29418e-08
  -5.93862e-08 2.63293e-08 -1.14241e-08 2.98417e-09 2.63293e-08 -5.51387e-09 1.0349e-09 -1.14241e-08 1.0349e-09 2.98417e-09
  -1.71243e-07 7.59217e-08 -3.29418e-08 8.60499e-09 7.59217e-08 -1.58995e-08 2.98417e-09 -3.29418e-08 2.98417e-09 8.60499e-09
face_integral[0] [size=10]: 1.55231e-06 -6.88229e-07 2.98617e-07 -7.80041e-08 -6.88229e-07 1.44129e-07 -2.70515e-08 2.98617e-07 -2.70515e-08 -7.80041e-08
face_mass_matrix[1] [shape=10x10]
  2.40968e-06 -1.06835e-06 4.63547e-07 -1.21087e-07 -1.06835e-06 2.23733e-07 -4.19924e-08 4.63547e-07 -4.19924e-08 -1.21087e-07
  -1.06835e-06 4.73659e-07 -2.05517e-07 5.36847e-08 4.73659e-07 -9.91936e-08 1.86176e-08 -2.05517e-07 1.86176e-08 5.36847e-08
  4.63547e-07 -2.05517e-07 8.91722e-08 -2.32934e-08 -2.05517e-07 4.30393e-08 -8.07804e-09 8.91722e-08 -8.07804e-09 -2.32934e-08
  -1.21087e-07 5.36847e-08 -2.32934e-08 6.08465e-09 5.36847e-08 -1.12426e-08 2.11013e-09 -2.32934e-08 2.11013e-09 6.08465e-09
  -1.06835e-06 4.73659e-07 -2.05517e-07 5.36847e-08 4.73659e-07 -9.91936e-08 1.86176e-08 -2.05517e-07 1.86176e-08 5.36847e-08
  2.23733e-07 -9.91936e-08 4.30393e-08 -1.12426e-08 -9.91936e-08 2.07731e-08 -3.89889e-09 4.30393e-08 -3.89889e-09 -1.12426e-08
  -4.19924e-08 1.86176e-08 -8.07804e-09 2.11013e-09 1.86176e-08 -3.89889e-09 7.31783e-10 -8.07804e-09 7.31783e-10 2.11013e-09
  4.63547e-07 -2.05517e-07 8.91722e-08 -2.32934e-08 -2.05517e-07 4.30393e-08 -8.07804e-09 8.91722e-08 -8.07804e-09 -2.32934e-08
  -4.19924e-08 1.86176e-08 -8.07804e-09 2.11013e-09 1.86176e-08 -3.89889e-09 7.31783e-10 -8.07804e-09 7.31783e-10 2.11013e-09
  -1.21087e-07 5.36847e-08 -2.32934e-08 6.08465e-09 5.36847e-08 -1.12426e-08 2.11013e-09 -2.32934e-08 2.11013e-09 6.08465e-09
face_integral[1] [size=10]: 1.09765e-06 -4.86652e-07 2.11154e-07 -5.51573e-08 -4.86652e-07 1.01914e-07 -1.91283e-08 2.11154e-07 -1.91283e-08 -5.51573e-08
face_mass_matrix[2] [shape=10x10]
  2.40968e-06 -1.06835e-06 4.63547e-07 -1.21087e-07 -1.06835e-06 2.23733e-07 -4.19924e-08 4.63547e-07 -4.19924e-08 -1.21087e-07
  -1.06835e-06 4.73659e-07 -2.05517e-07 5.36847e-08 4.73659e-07 -9.91936e-08 1.86176e-08 -2.05517e-07 1.86176e-08 5.36847e-08
  4.63547e-07 -2.05517e-07 8.91722e-08 -2.32934e-08 -2.05517e-07 4.30393e-08 -8.07804e-09 8.91722e-08 -8.07804e-09 -2.32934e-08
  -1.21087e-07 5.36847e-08 -2.32934e-08 6.08465e-09 5.36847e-08 -1.12426e-08 2.11013e-09 -2.32934e-08 2.11013e-09 6.08465e-09
  -1.06835e-06 4.73659e-07 -2.05517e-07 5.36847e-08 4.73659e-07 -9.91936e-08 1.86176e-08 -2.05517e-07 1.86176e-08 5.36847e-08
  2.23733e-07 -9.91936e-08 4.30393e-08 -1.12426e-08 -9.91936e-08 2.07731e-08 -3.89889e-09 4.30393e-08 -3.89889e-09 -1.12426e-08
  -4.19924e-08 1.86176e-08 -8.07804e-09 2.11013e-09 1.86176e-08 -3.89889e-09 7.31783e-10 -8.07804e-09 7.31783e-10 2.11013e-09
  4.63547e-07 -2.05517e-07 8.91722e-08 -2.32934e-08 -2.05517e-07 4.30393e-08 -8.07804e-09 8.91722e-08 -8.07804e-09 -2.32934e-08
  -4.19924e-08 1.86176e-08 -8.07804e-09 2.11013e-09 1.86176e-08 -3.89889e-09 7.31783e-10 -8.07804e-09 7.31783e-10 2.11013e-09
  -1.21087e-07 5.36847e-08 -2.32934e-08 6.08465e-09 5.36847e-08 -1.12426e-08 2.11013e-09 -2.32934e-08 2.11013e-09 6.08465e-09
face_integral[2] [size=10]: 1.09765e-06 -4.86652e-07 2.11154e-07 -5.51573e-08 -4.86652e-07 1.01914e-07 -1.91283e-08 2.11154e-07 -1.91283e-08 -5.51573e-08
face_coupling[0]: face_id=0, neighbor=6, attr=0, shared=0
  coupling [shape=10x10]
  3.4078e-06 -1.51087e-06 6.55555e-07 -1.71243e-07 -1.51087e-06 3.16406e-07 -5.93862e-08 6.55555e-07 -5.93862e-08 -1.71243e-07
  -1.51087e-06 6.69856e-07 -2.90645e-07 7.59217e-08 6.69856e-07 -1.40281e-07 2.63293e-08 -2.90645e-07 2.63293e-08 7.59217e-08
  6.55555e-07 -2.90645e-07 1.26109e-07 -3.29418e-08 -2.90645e-07 6.08668e-08 -1.14241e-08 1.26109e-07 -1.14241e-08 -3.29418e-08
  -1.71243e-07 7.59217e-08 -3.29418e-08 8.60499e-09 7.59217e-08 -1.58995e-08 2.98417e-09 -3.29418e-08 2.98417e-09 8.60499e-09
  -1.51087e-06 6.69856e-07 -2.90645e-07 7.59217e-08 6.69856e-07 -1.40281e-07 2.63293e-08 -2.90645e-07 2.63293e-08 7.59217e-08
  3.16406e-07 -1.40281e-07 6.08668e-08 -1.58995e-08 -1.40281e-07 2.93776e-08 -5.51387e-09 6.08668e-08 -5.51387e-09 -1.58995e-08
  -5.93862e-08 2.63293e-08 -1.14241e-08 2.98417e-09 2.63293e-08 -5.51387e-09 1.0349e-09 -1.14241e-08 1.0349e-09 2.98417e-09
  6.55555e-07 -2.90645e-07 1.26109e-07 -3.29418e-08 -2.90645e-07 6.08668e-08 -1.14241e-08 1.26109e-07 -1.14241e-08 -3.29418e-08
  -5.93862e-08 2.63293e-08 -1.14241e-08 2.98417e-09 2.63293e-08 -5.51387e-09 1.0349e-09 -1.14241e-08 1.0349e-09 2.98417e-09
  -1.71243e-07 7.59217e-08 -3.29418e-08 8.60499e-09 7.59217e-08 -1.58995e-08 2.98417e-09 -3.29418e-08 2.98417e-09 8.60499e-09
face_coupling[1]: face_id=1, neighbor=1, attr=0, shared=0
  coupling [shape=10x10]
  2.40968e-06 -1.06835e-06 4.63547e-07 -1.21087e-07 -1.06835e-06 2.23733e-07 -4.19924e-08 4.63547e-07 -4.19924e-08 -1.21087e-07
  -1.06835e-06 4.73659e-07 -2.05517e-07 5.36847e-08 4.73659e-07 -9.91936e-08 1.86176e-08 -2.05517e-07 1.86176e-08 5.36847e-08
  4.63547e-07 -2.05517e-07 8.91722e-08 -2.32934e-08 -2.05517e-07 4.30393e-08 -8.07804e-09 8.91722e-08 -8.07804e-09 -2.32934e-08
  -1.21087e-07 5.36847e-08 -2.32934e-08 6.08465e-09 5.36847e-08 -1.12426e-08 2.11013e-09 -2.32934e-08 2.11013e-09 6.08465e-09
  -1.06835e-06 4.73659e-07 -2.05517e-07 5.36847e-08 4.73659e-07 -9.91936e-08 1.86176e-08 -2.05517e-07 1.86176e-08 5.36847e-08
  2.23733e-07 -9.91936e-08 4.30393e-08 -1.12426e-08 -9.91936e-08 2.07731e-08 -3.89889e-09 4.30393e-08 -3.89889e-09 -1.12426e-08
  -4.19924e-08 1.86176e-08 -8.07804e-09 2.11013e-09 1.86176e-08 -3.89889e-09 7.31783e-10 -8.07804e-09 7.31783e-10 2.11013e-09
  4.63547e-07 -2.05517e-07 8.91722e-08 -2.32934e-08 -2.05517e-07 4.30393e-08 -8.07804e-09 8.91722e-08 -8.07804e-09 -2.32934e-08
  -4.19924e-08 1.86176e-08 -8.07804e-09 2.11013e-09 1.86176e-08 -3.89889e-09 7.31783e-10 -8.07804e-09 7.31783e-10 2.11013e-09
  -1.21087e-07 5.36847e-08 -2.32934e-08 6.08465e-09 5.36847e-08 -1.12426e-08 2.11013e-09 -2.32934e-08 2.11013e-09 6.08465e-09
face_coupling[2]: face_id=2, neighbor=-1, attr=1, shared=0
  isothermal_rhs [size=10]: 1.09765e-06 -4.86652e-07 2.11154e-07 -5.51573e-08 -4.86652e-07 1.01914e-07 -1.91283e-08 2.11154e-07 -1.91283e-08 -5.51573e-08

=== Element 1 (rank 0) ===
basis_integrals [size=10]: 6.69444e-15 1.27703e-14 1.27703e-14 6.69444e-15 1.27703e-14 2.82948e-14 1.27703e-14 1.27703e-14 1.27703e-14 6.69444e-15
mass_matrix [shape=10x10]
  6.88038e-15 -5.27011e-16 3.934e-16 -1.1951e-16 -5.27011e-16 2.32597e-16 4.38528e-17 3.934e-16 4.38528e-17 -1.1951e-16
  -5.27011e-16 1.36329e-14 -1.09273e-15 3.934e-16 8.48306e-16 2.27006e-16 -3.81415e-16 -3.81415e-16 7.45435e-18 4.38528e-17
  3.934e-16 -1.09273e-15 1.36329e-14 -5.27011e-16 -3.81415e-16 2.27006e-16 8.48306e-16 7.45435e-18 -3.81415e-16 4.38528e-17
  -1.1951e-16 3.934e-16 -5.27011e-16 6.88038e-15 4.38528e-17 2.32597e-16 -5.27011e-16 4.38528e-17 3.934e-16 -1.1951e-16
  -5.27011e-16 8.48306e-16 -3.81415e-16 4.38528e-17 1.36329e-14 2.27006e-16 7.45435e-18 -1.09273e-15 -3.81415e-16 3.934e-16
  2.32597e-16 2.27006e-16 2.27006e-16 2.32597e-16 2.27006e-16 2.62349e-14 2.27006e-16 2.27006e-16 2.27006e-16 2.32597e-16
  4.38528e-17 -3.81415e-16 8.48306e-16 -5.27011e-16 7.45435e-18 2.27006e-16 1.36329e-14 -3.81415e-16 -1.09273e-15 3.934e-16
  3.934e-16 -3.81415e-16 7.45435e-18 4.38528e-17 -1.09273e-15 2.27006e-16 -3.81415e-16 1.36329e-14 8.48306e-16 -5.27011e-16
  4.38528e-17 7.45435e-18 -3.81415e-16 3.934e-16 -3.81415e-16 2.27006e-16 -1.09273e-15 8.48306e-16 1.36329e-14 -5.27011e-16
  -1.1951e-16 4.38528e-17 4.38528e-17 -1.1951e-16 3.934e-16 2.32597e-16 3.934e-16 -5.27011e-16 -5.27011e-16 6.88038e-15
stiffness_matrix_dim0 [shape=10x10]
  -1.02557e-22 -3.02001e-09 -3.23034e-09 5.53603e-11 3.02001e-09 -3.30872e-23 -2.10331e-10 3.23034e-09 2.10331e-10 -5.53603e-11
  1.34466e-07 1.1498e-07 3.63959e-09 1.04703e-09 1.00973e-07 1.65752e-08 -1.60071e-09 -1.13431e-08 -2.57625e-09 1.3038e-09
  -5.84229e-08 8.32831e-08 1.34587e-07 -1.3219e-09 -8.26327e-08 9.4431e-08 7.86616e-09 -4.28837e-08 -3.68919e-09 1.71953e-09
  1.65187e-08 -2.17365e-08 3.80892e-08 9.28915e-08 3.22649e-08 -3.13323e-08 4.11092e-08 3.24752e-08 -1.85061e-08 1.64633e-08
  -1.34466e-07 -1.00973e-07 1.13431e-08 -1.3038e-09 -1.1498e-07 -1.65752e-08 2.57625e-09 -3.63959e-09 1.60071e-09 -1.04703e-09
  1.92733e-22 -1.70863e-07 -1.82763e-07 3.13212e-09 1.70863e-07 -4.63221e-23 -1.18999e-08 1.82763e-07 1.18999e-08 -3.13212e-09
  4.15731e-10 7.6539e-09 -9.31067e-08 -1.35787e-07 -4.03074e-08 7.78559e-08 1.96075e-08 -8.1032e-08 7.96435e-08 -5.94699e-08
  5.84229e-08 8.26327e-08 4.28837e-08 -1.71953e-09 -8.32831e-08 -9.4431e-08 3.68919e-09 -1.34587e-07 -7.86616e-09 1.3219e-09
  -4.15731e-10 4.03074e-08 8.1032e-08 5.94699e-08 -7.6539e-09 -7.78559e-08 -7.96435e-08 9.31067e-08 -1.96075e-08 1.35787e-07
  -1.65187e-08 -3.22649e-08 -3.24752e-08 -1.64633e-08 2.17365e-08 3.13323e-08 1.85061e-08 -3.80892e-08 -4.11092e-08 -9.28915e-08
stiffness_matrix_dim1 [shape=10x10]
  -9.28915e-08 -3.80892e-08 2.17365e-08 -1.65187e-08 -4.11092e-08 3.13323e-08 -3.22649e-08 1.85061e-08 -3.24752e-08 -1.64633e-08
  1.3219e-09 -1.34587e-07 -8.32831e-08 5.84229e-08 -7.86616e-09 -9.4431e-08 8.26327e-08 3.68919e-09 4.28837e-08 -1.71953e-09
  -1.04703e-09 -3.63959e-09 -1.1498e-07 -1.34466e-07 1.60071e-09 -1.65752e-08 -1.00973e-07 2.57625e-09 1.13431e-08 -1.3038e-09
  -5.53603e-11 3.23034e-09 3.02001e-09 0 2.10331e-10 -1.07533e-23 -3.02001e-09 -2.10331e-10 -3.23034e-09 5.53603e-11
  1.35787e-07 9.31067e-08 -7.6539e-09 -4.15731e-10 -1.96075e-08 -7.78559e-08 4.03074e-08 -7.96435e-08 8.1032e-08 5.94699e-08
  -3.13212e-09 1.82763e-07 1.70863e-07 1.72881e-22 1.18999e-08 2.24993e-22 -1.70863e-07 -1.18999e-08 -1.82763e-07 3.13212e-09
  1.3038e-09 -1.13431e-08 1.00973e-07 1.34466e-07 -2.57625e-09 1.65752e-08 1.1498e-07 -1.60071e-09 3.63959e-09 1.04703e-09
  -5.94699e-08 -8.1032e-08 -4.03074e-08 4.15731e-10 7.96435e-08 7.78559e-08 7.6539e-09 1.96075e-08 -9.31067e-08 -1.35787e-07
  1.71953e-09 -4.28837e-08 -8.26327e-08 -5.84229e-08 -3.68919e-09 9.4431e-08 8.32831e-08 7.86616e-09 1.34587e-07 -1.3219e-09
  1.64633e-08 3.24752e-08 3.22649e-08 1.65187e-08 -1.85061e-08 -3.13323e-08 -2.17365e-08 4.11092e-08 3.80892e-08 9.28915e-08
face_mass_matrix[0] [shape=10x10]
  2.40968e-06 -1.06835e-06 4.63547e-07 -1.21087e-07 -1.06835e-06 2.23733e-07 -4.19924e-08 4.63547e-07 -4.19924e-08 -1.21087e-07
  -1.06835e-06 4.73659e-07 -2.05517e-07 5.36847e-08 4.73659e-07 -9.91936e-08 1.86176e-08 -2.05517e-07 1.86176e-08 5.36847e-08
  4.63547e-07 -2.05517e-07 8.91722e-08 -2.32934e-08 -2.05517e-07 4.30393e-08 -8.07804e-09 8.91722e-08 -8.07804e-09 -2.32934e-08
  -1.21087e-07 5.36847e-08 -2.32934e-08 6.08465e-09 5.36847e-08 -1.12426e-08 2.11013e-09 -2.32934e-08 2.11013e-09 6.08465e-09
  -1.06835e-06 4.73659e-07 -2.05517e-07 5.36847e-08 4.73659e-07 -9.91936e-08 1.86176e-08 -2.05517e-07 1.86176e-08 5.36847e-08
  2.23733e-07 -9.91936e-08 4.30393e-08 -1.12426e-08 -9.91936e-08 2.07731e-08 -3.89889e-09 4.30393e-08 -3.89889e-09 -1.12426e-08
  -4.19924e-08 1.86176e-08 -8.07804e-09 2.11013e-09 1.86176e-08 -3.89889e-09 7.31783e-10 -8.07804e-09 7.31783e-10 2.11013e-09
  4.63547e-07 -2.05517e-07 8.91722e-08 -2.32934e-08 -2.05517e-07 4.30393e-08 -8.07804e-09 8.91722e-08 -8.07804e-09 -2.32934e-08
  -4.19924e-08 1.86176e-08 -8.07804e-09 2.11013e-09 1.86176e-08 -3.89889e-09 7.31783e-10 -8.07804e-09 7.31783e-10 2.11013e-09
  -1.21087e-07 5.36847e-08 -2.32934e-08 6.08465e-09 5.36847e-08 -1.12426e-08 2.11013e-09 -2.32934e-08 2.11013e-09 6.08465e-09
face_integral[0] [size=10]: 1.09765e-06 -4.86652e-07 2.11154e-07 -5.51573e-08 -4.86652e-07 1.01914e-07 -1.91283e-08 2.11154e-07 -1.91283e-08 -5.51573e-08
face_mass_matrix[1] [shape=10x10]
  3.4078e-06 -1.51087e-06 6.55555e-07 -1.71243e-07 -1.51087e-06 3.16406e-07 -5.93862e-08 6.55555e-07 -5.93862e-08 -1.71243e-07
  -1.51087e-06 6.69856e-07 -2.90645e-07 7.59217e-08 6.69856e-07 -1.40281e-07 2.63293e-08 -2.90645e-07 2.63293e-08 7.59217e-08
  6.55555e-07 -2.90645e-07 1.26109e-07 -3.29418e-08 -2.90645e-07 6.08668e-08 -1.14241e-08 1.26109e-07 -1.14241e-08 -3.29418e-08
  -1.71243e-07 7.59217e-08 -3.29418e-08 8.60499e-09 7.59217e-08 -1.58995e-08 2.98417e-09 -3.29418e-08 2.98417e-09 8.60499e-09
  -1.51087e-06 6.69856e-07 -2.90645e-07 7.59217e-08 6.69856e-07 -1.40281e-07 2.63293e-08 -2.90645e-07 2.63293e-08 7.59217e-08
  3.16406e-07 -1.40281e-07 6.08668e-08 -1.58995e-08 -1.40281e-07 2.93776e-08 -5.51387e-09 6.08668e-08 -5.51387e-09 -1.58995e-08
  -5.93862e-08 2.63293e-08 -1.14241e-08 2.98417e-09 2.63293e-08 -5.51387e-09 1.0349e-09 -1.14241e-08 1.0349e-09 2.98417e-09
  6.55555e-07 -2.90645e-07 1.26109e-07 -3.29418e-08 -2.90645e-07 6.08668e-08 -1.14241e-08 1.26109e-07 -1.14241e-08 -3.29418e-08
  -5.93862e-08 2.63293e-08 -1.14241e-08 2.98417e-09 2.63293e-08 -5.51387e-09 1.0349e-09 -1.14241e-08 1.0349e-09 2.98417e-09
  -1.71243e-07 7.59217e-08 -3.29418e-08 8.60499e-09 7.59217e-08 -1.58995e-08 2.98417e-09 -3.29418e-08 2.98417e-09 8.60499e-09
face_integral[1] [size=10]: 1.55231e-06 -6.88229e-07 2.98617e-07 -7.80041e-08 -6.88229e-07 1.44129e-07 -2.70515e-08 2.98617e-07 -2.70515e-08 -7.80041e-08
face_mass_matrix[2] [shape=10x10]
  2.40968e-06 -1.06835e-06 4.63547e-07 -1.21087e-07 -1.06835e-06 2.23733e-07 -4.19924e-08 4.63547e-07 -4.19924e-08 -1.21087e-07
  -1.06835e-06 4.73659e-07 -2.05517e-07 5.36847e-08 4.73659e-07 -9.91936e-08 1.86176e-08 -2.05517e-07 1.86176e-08 5.36847e-08
  4.63547e-07 -2.05517e-07 8.91722e-08 -2.32934e-08 -2.05517e-07 4.30393e-08 -8.07804e-09 8.91722e-08 -8.07804e-09 -2.32934e-08
  -1.21087e-07 5.36847e-08 -2.32934e-08 6.08465e-09 5.36847e-08 -1.12426e-08 2.11013e-09 -2.32934e-08 2.11013e-09 6.08465e-09
  -1.06835e-06 4.73659e-07 -2.05517e-07 5.36847e-08 4.73659e-07 -9.91936e-08 1.86176e-08 -2.05517e-07 1.86176e-08 5.36847e-08
  2.23733e-07 -9.91936e-08 4.30393e-08 -1.12426e-08 -9.91936e-08 2.07731e-08 -3.89889e-09 4.30393e-08 -3.89889e-09 -1.12426e-08
  -4.19924e-08 1.86176e-08 -8.07804e-09 2.11013e-09 1.86176e-08 -3.89889e-09 7.31783e-10 -8.07804e-09 7.31783e-10 2.11013e-09
  4.63547e-07 -2.05517e-07 8.91722e-08 -2.32934e-08 -2.05517e-07 4.30393e-08 -8.07804e-09 8.91722e-08 -8.07804e-09 -2.32934e-08
  -4.19924e-08 1.86176e-08 -8.07804e-09 2.11013e-09 1.86176e-08 -3.89889e-09 7.31783e-10 -8.07804e-09 7.31783e-10 2.11013e-09
  -1.21087e-07 5.36847e-08 -2.32934e-08 6.08465e-09 5.36847e-08 -1.12426e-08 2.11013e-09 -2.32934e-08 2.11013e-09 6.08465e-09
face_integral[2] [size=10]: 1.09765e-06 -4.86652e-07 2.11154e-07 -5.51573e-08 -4.86652e-07 1.01914e-07 -1.91283e-08 2.11154e-07 -1.91283e-08 -5.51573e-08
face_coupling[0]: face_id=1, neighbor=0, attr=0, shared=0
  coupling [shape=10x10]
  2.40968e-06 -1.06835e-06 4.63547e-07 -1.21087e-07 -1.06835e-06 2.23733e-07 -4.19924e-08 4.63547e-07 -4.19924e-08 -1.21087e-07
  -1.06835e-06 4.73659e-07 -2.05517e-07 5.36847e-08 4.73659e-07 -9.91936e-08 1.86176e-08 -2.05517e-07 1.86176e-08 5.36847e-08
  4.63547e-07 -2.05517e-07 8.91722e-08 -2.32934e-08 -2.05517e-07 4.30393e-08 -8.07804e-09 8.91722e-08 -8.07804e-09 -2.32934e-08
  -1.21087e-07 5.36847e-08 -2.32934e-08 6.08465e-09 5.36847e-08 -1.12426e-08 2.11013e-09 -2.32934e-08 2.11013e-09 6.08465e-09
  -1.06835e-06 4.73659e-07 -2.05517e-07 5.36847e-08 4.73659e-07 -9.91936e-08 1.86176e-08 -2.05517e-07 1.86176e-08 5.36847e-08
  2.23733e-07 -9.91936e-08 4.30393e-08 -1.12426e-08 -9.91936e-08 2.07731e-08 -3.89889e-09 4.30393e-08 -3.89889e-09 -1.12426e-08
  -4.19924e-08 1.86176e-08 -8.07804e-09 2.11013e-09 1.86176e-08 -3.89889e-09 7.31783e-10 -8.07804e-09 7.31783e-10 2.11013e-09
  4.63547e-07 -2.05517e-07 8.91722e-08 -2.32934e-08 -2.05517e-07 4.30393e-08 -8.07804e-09 8.91722e-08 -8.07804e-09 -2.32934e-08
  -4.19924e-08 1.86176e-08 -8.07804e-09 2.11013e-09 1.86176e-08 -3.89889e-09 7.31783e-10 -8.07804e-09 7.31783e-10 2.11013e-09
  -1.21087e-07 5.36847e-08 -2.32934e-08 6.08465e-09 5.36847e-08 -1.12426e-08 2.11013e-09 -2.32934e-08 2.11013e-09 6.08465e-09
face_coupling[1]: face_id=3, neighbor=3, attr=0, shared=0
  coupling [shape=10x10]
  3.4078e-06 -1.51087e-06 6.55555e-07 -1.71243e-07 -1.51087e-06 3.16406e-07 -5.93862e-08 6.55555e-07 -5.93862e-08 -1.71243e-07
  -1.51087e-06 6.69856e-07 -2.90645e-07 7.59217e-08 6.69856e-07 -1.40281e-07 2.63293e-08 -2.90645e-07 2.63293e-08 7.59217e-08
  6.55555e-07 -2.90645e-07 1.26109e-07 -3.29418e-08 -2.90645e-07 6.08668e-08 -1.14241e-08 1.26109e-07 -1.14241e-08 -3.29418e-08
  -1.71243e-07 7.59217e-08 -3.29418e-08 8.60499e-09 7.59217e-08 -1.58995e-08 2.98417e-09 -3.29418e-08 2.98417e-09 8.60499e-09
  -1.51087e-06 6.69856e-07 -2.90645e-07 7.59217e-08 6.69856e-07 -1.40281e-07 2.63293e-08 -2.90645e-07 2.63293e-08 7.59217e-08
  3.16406e-07 -1.40281e-07 6.08668e-08 -1.58995e-08 -1.40281e-07 2.93776e-08 -5.51387e-09 6.08668e-08 -5.51387e-09 -1.58995e-08
  -5.93862e-08 2.63293e-08 -1.14241e-08 2.98417e-09 2.63293e-08 -5.51387e-09 1.0349e-09 -1.14241e-08 1.0349e-09 2.98417e-09
  6.55555e-07 -2.90645e-07 1.26109e-07 -3.29418e-08 -2.90645e-07 6.08668e-08 -1.14241e-08 1.26109e-07 -1.14241e-08 -3.29418e-08
  -5.93862e-08 2.63293e-08 -1.14241e-08 2.98417e-09 2.63293e-08 -5.51387e-09 1.0349e-09 -1.14241e-08 1.0349e-09 2.98417e-09
  -1.71243e-07 7.59217e-08 -3.29418e-08 8.60499e-09 7.59217e-08 -1.58995e-08 2.98417e-09 -3.29418e-08 2.98417e-09 8.60499e-09
face_coupling[2]: face_id=4, neighbor=2, attr=0, shared=0
  coupling [shape=10x10]
  2.40968e-06 -1.06835e-06 4.63547e-07 -1.21087e-07 -1.06835e-06 2.23733e-07 -4.19924e-08 4.63547e-07 -4.19924e-08 -1.21087e-07
  -1.06835e-06 4.73659e-07 -2.05517e-07 5.36847e-08 4.73659e-07 -9.91936e-08 1.86176e-08 -2.05517e-07 1.86176e-08 5.36847e-08
  4.63547e-07 -2.05517e-07 8.91722e-08 -2.32934e-08 -2.05517e-07 4.30393e-08 -8.07804e-09 8.91722e-08 -8.07804e-09 -2.32934e-08
  -1.21087e-07 5.36847e-08 -2.32934e-08 6.08465e-09 5.36847e-08 -1.12426e-08 2.11013e-09 -2.32934e-08 2.11013e-09 6.08465e-09
  -1.06835e-06 4.73659e-07 -2.05517e-07 5.36847e-08 4.73659e-07 -9.91936e-08 1.86176e-08 -2.05517e-07 1.86176e-08 5.36847e-08
  2.23733e-07 -9.91936e-08 4.30393e-08 -1.12426e-08 -9.91936e-08 2.07731e-08 -3.89889e-09 4.30393e-08 -3.89889e-09 -1.12426e-08
  -4.19924e-08 1.86176e-08 -8.07804e-09 2.11013e-09 1.86176e-08 -3.89889e-09 7.31783e-10 -8.07804e-09 7.31783e-10 2.11013e-09
  4.63547e-07 -2.05517e-07 8.91722e-08 -2.32934e-08 -2.05517e-07 4.30393e-08 -8.07804e-09 8.91722e-08 -8.07804e-09 -2.32934e-08
  -4.19924e-08 1.86176e-08 -8.07804e-09 2.11013e-09 1.86176e-08 -3.89889e-09 7.31783e-10 -8.07804e-09 7.31783e-10 2.11013e-09
  -1.21087e-07 5.36847e-08 -2.32934e-08 6.08465e-09 5.36847e-08 -1.12426e-08 2.11013e-09 -2.32934e-08 2.11013e-09 6.08465e-09

=== Element 2 (rank 0) ===
basis_integrals [size=10]: 6.69444e-15 1.27703e-14 1.27703e-14 6.69444e-15 1.27703e-14 2.82948e-14 1.27703e-14 1.27703e-14 1.27703e-14 6.69444e-15
mass_matrix [shape=10x10]
  6.88038e-15 -5.27011e-16 3.934e-16 -1.1951e-16 -5.27011e-16 2.32597e-16 4.38528e-17 3.934e-16 4.38528e-17 -1.1951e-16
  -5.27011e-16 1.36329e-14 -1.09273e-15 3.934e-16 8.48306e-16 2.27006e-16 -3.81415e-16 -3.81415e-16 7.45435e-18 4.38528e-17
  3.934e-16 -1.09273e-15 1.36329e-14 -5.27011e-16 -3.81415e-16 2.27006e-16 8.48306e-16 7.45435e-18 -3.81415e-16 4.38528e-17
  -1.1951e-16 3.934e-16 -5.27011e-16 6.88038e-15 4.38528e-17 2.32597e-16 -5.27011e-16 4.38528e-17 3.934e-16 -1.1951e-16
  -5.27011e-16 8.48306e-16 -3.81415e-16 4.38528e-17 1.36329e-14 2.27006e-16 7.45435e-18 -1.09273e-15 -3.81415e-16 3.934e-16
  2.32597e-16 2.27006e-16 2.27006e-16 2.32597e-16 2.27006e-16 2.62349e-14 2.27006e-16 2.27006e-16 2.27006e-16 2.32597e-16
  4.38528e-17 -3.81415e-16 8.48306e-16 -5.27011e-16 7.45435e-18 2.27006e-16 1.36329e-14 -3.81415e-16 -1.09273e-15 3.934e-16
  3.934e-16 -3.81415e-16 7.45435e-18 4.38528e-17 -1.09273e-15 2.27006e-16 -3.81415e-16 1.36329e-14 8.48306e-16 -5.27011e-16
  4.38528e-17 7.45435e-18 -3.81415e-16 3.934e-16 -3.81415e-16 2.27006e-16 -1.09273e-15 8.48306e-16 1.36329e-14 -5.27011e-16
  -1.1951e-16 4.38528e-17 4.38528e-17 -1.1951e-16 3.934e-16 2.32597e-16 3.934e-16 -5.27011e-16 -5.27011e-16 6.88038e-15
stiffness_matrix_dim0 [shape=10x10]
  1.02557e-22 3.02001e-09 3.23034e-09 -5.53603e-11 -3.02001e-09 3.30872e-23 2.10331e-10 -3.23034e-09 -2.10331e-10 5.53603e-11
  -1.34466e-07 -1.1498e-07 -3.63959e-09 -1.04703e-09 -1.00973e-07 -1.65752e-08 1.60071e-09 1.13431e-08 2.57625e-09 -1.3038e-09
  5.84229e-08 -8.32831e-08 -1.34587e-07 1.3219e-09 8.26327e-08 -9.4431e-08 -7.86616e-09 4.28837e-08 3.68919e-09 -1.71953e-09
  -1.65187e-08 2.17365e-08 -3.80892e-08 -9.28915e-08 -3.22649e-08 3.13323e-08 -4.11092e-08 -3.24752e-08 1.85061e-08 -1.64633e-08
  1.34466e-07 1.00973e-07 -1.13431e-08 1.3038e-09 1.1498e-07 1.65752e-08 -2.57625e-09 3.63959e-09 -1.60071e-09 1.04703e-09
  -1.92733e-22 1.70863e-07 1.82763e-07 -3.13212e-09 -1.70863e-07 4.63221e-23 1.18999e-08 -1.82763e-07 -1.18999e-08 3.13212e-09
  -4.15731e-10 -7.6539e-09 9.31067e-08 1.35787e-07 4.03074e-08 -7.78559e-08 -1.96075e-08 8.1032e-08 -7.96435e-08 5.94699e-08
  -5.84229e-08 -8.26327e-08 -4.28837e-08 1.71953e-09 8.32831e-08 9.4431e-08 -3.68919e-09 1.34587e-07 7.86616e-09 -1.3219e-09
  4.15731e-10 -4.03074e-08 -8.1032e-08 -5.94699e-08 7.6539e-09 7.78559e-08 7.96435e-08 -9.31067e-08 1.96075e-08 -1.35787e-07
  1.65187e-08 3.22649e-08 3.24752e-08 1.64633e-08 -2.17365e-08 -3.13323e-08 -1.85061e-08 3.80892e-08 4.11092e-08 9.28915e-08
stiffness_matrix_dim1 [shape=10x10]
  9.28915e-08 3.80892e-08 -2.17365e-08 1.65187e-08 4.11092e-08 -3.13323e-08 3.22649e-08 -1.85061e-08 3.24752e-08 1.64633e-08
  -1.3219e-09 1.34587e-07 8.32831e-08 -5.84229e-08 7.86616e-09 9.4431e-08 -8.26327e-08 -3.68919e-09 -4.28837e-08 1.71953e-09
  1.04703e-09 3.63959e-09 1.1498e-07 1.34466e-07 -1.60071e-09 1.65752e-08 1.00973e-07 -2.57625e-09 -1.13431e-08 1.3038e-09
  5.53603e-11 -3.23034e-09 -3.02001e-09 0 -2.10331e-10 1.07533e-23 3.02001e-09 2.10331e-10 3.23034e-09 -5.53603e-11
  -1.35787e-07 -9.31067e-08 7.6539e-09 4.15731e-10 1.96075e-08 7.78559e-08 -4.03074e-08 7.96435e-08 -8.1032e-08 -5.94699e-08
  3.13212e-09 -1.82763e-07 -1.70863e-07 -1.72881e-22 -1.18999e-08 -2.24993e-22 1.70863e-07 1.18999e-08 1.82763e-07 -3.13212e-09
  -1.3038e-09 1.13431e-08 -1.00973e-07 -1.34466e-07 2.57625e-09 -1.65752e-08 -1.1498e-07 1.60071e-09 -3.63959e-09 -1.04703e-09
  5.94699e-08 8.1032e-08 4.03074e-08 -4.15731e-10 -7.96435e-08 -7.78559e-08 -7.6539e-09 -1.96075e-08 9.31067e-08 1.35787e-07
  -1.71953e-09 4.28837e-08 8.26327e-08 5.84229e-08 3.68919e-09 -9.4431e-08 -8.32831e-08 -7.86616e-09 -1.34587e-07 1.3219e-09
  -1.64633e-08 -3.24752e-08 -3.22649e-08 -1.65187e-08 1.85061e-08 3.13323e-08 2.17365e-08 -4.11092e-08 -3.80892e-08 -9.28915e-08
face_mass_matrix[0] [shape=10x10]
  2.40968e-06 -1.06835e-06 4.63547e-07 -1.21087e-07 -1.06835e-06 2.23733e-07 -4.19924e-08 4.63547e-07 -4.19924e-08 -1.21087e-07
  -1.06835e-06 4.73659e-07 -2.05517e-07 5.36847e-08 4.73659e-07 -9.91936e-08 1.86176e-08 -2.05517e-07 1.86176e-08 5.36847e-08
  4.63547e-07 -2.05517e-07 8.91722e-08 -2.32934e-08 -2.05517e-07 4.30393e-08 -8.07804e-09 8.91722e-08 -8.07804e-09 -2.32934e-08
  -1.21087e-07 5.36847e-08 -2.32934e-08 6.08465e-09 5.36847e-08 -1.12426e-08 2.11013e-09 -2.32934e-08 2.11013e-09 6.08465e-09
  -1.06835e-06 4.73659e-07 -2.05517e-07 5.36847e-08 4.73659e-07 -9.91936e-08 1.86176e-08 -2.05517e-07 1.86176e-08 5.36847e-08
  2.23733e-07 -9.91936e-08 4.30393e-08 -1.12426e-08 -9.91936e-08 2.07731e-08 -3.89889e-09 4.30393e-08 -3.89889e-09 -1.12426e-08
  -4.19924e-08 1.86176e-08 -8.07804e-09 2.11013e-09 1.86176e-08 -3.89889e-09 7.31783e-10 -8.07804e-09 7.31783e-10 2.11013e-09
  4.63547e-07 -2.05517e-07 8.91722e-08 -2.32934e-08 -2.05517e-07 4.30393e-08 -8.07804e-09 8.91722e-08 -8.07804e-09 -2.32934e-08
  -4.19924e-08 1.86176e-08 -8.07804e-09 2.11013e-09 1.86176e-08 -3.89889e-09 7.31783e-10 -8.07804e-09 7.31783e-10 2.11013e-09
  -1.21087e-07 5.36847e-08 -2.32934e-08 6.08465e-09 5.36847e-08 -1.12426e-08 2.11013e-09 -2.32934e-08 2.11013e-09 6.08465e-09
face_integral[0] [size=10]: 1.09765e-06 -4.86652e-07 2.11154e-07 -5.51573e-08 -4.86652e-07 1.01914e-07 -1.91283e-08 2.11154e-07 -1.91283e-08 -5.51573e-08
face_mass_matrix[1] [shape=10x10]
  3.4078e-06 -1.51087e-06 6.55555e-07 -1.71243e-07 -1.51087e-06 3.16406e-07 -5.93862e-08 6.55555e-07 -5.93862e-08 -1.71243e-07
  -1.51087e-06 6.69856e-07 -2.90645e-07 7.59217e-08 6.69856e-07 -1.40281e-07 2.63293e-08 -2.90645e-07 2.63293e-08 7.59217e-08
  6.55555e-07 -2.90645e-07 1.26109e-07 -3.29418e-08 -2.90645e-07 6.08668e-08 -1.14241e-08 1.26109e-07 -1.14241e-08 -3.29418e-08
  -1.71243e-07 7.59217e-08 -3.29418e-08 8.60499e-09 7.59217e-08 -1.58995e-08 2.98417e-09 -3.29418e-08 2.98417e-09 8.60499e-09
  -1.51087e-06 6.69856e-07 -2.90645e-07 7.59217e-08 6.69856e-07 -1.40281e-07 2.63293e-08 -2.90645e-07 2.63293e-08 7.59217e-08
  3.16406e-07 -1.40281e-07 6.08668e-08 -1.58995e-08 -1.40281e-07 2.93776e-08 -5.51387e-09 6.08668e-08 -5.51387e-09 -1.58995e-08
  -5.93862e-08 2.63293e-08 -1.14241e-08 2.98417e-09 2.63293e-08 -5.51387e-09 1.0349e-09 -1.14241e-08 1.0349e-09 2.98417e-09
  6.55555e-07 -2.90645e-07 1.26109e-07 -3.29418e-08 -2.90645e-07 6.08668e-08 -1.14241e-08 1.26109e-07 -1.14241e-08 -3.29418e-08
  -5.93862e-08 2.63293e-08 -1.14241e-08 2.98417e-09 2.63293e-08 -5.51387e-09 1.0349e-09 -1.14241e-08 1.0349e-09 2.98417e-09
  -1.71243e-07 7.59217e-08 -3.29418e-08 8.60499e-09 7.59217e-08 -1.58995e-08 2.98417e-09 -3.29418e-08 2.98417e-09 8.60499e-09
face_integral[1] [size=10]: 1.55231e-06 -6.88229e-07 2.98617e-07 -7.80041e-08 -6.88229e-07 1.44129e-07 -2.70515e-08 2.98617e-07 -2.70515e-08 -7.80041e-08
face_mass_matrix[2] [shape=10x10]
  2.40968e-06 -1.06835e-06 4.63547e-07 -1.21087e-07 -1.06835e-06 2.23733e-07 -4.19924e-08 4.63547e-07 -4.19924e-08 -1.21087e-07
  -1.06835e-06 4.73659e-07 -2.05517e-07 5.36847e-08 4.73659e-07 -9.91936e-08 1.86176e-08 -2.05517e-07 1.86176e-08 5.36847e-08
  4.63547e-07 -2.05517e-07 8.91722e-08 -2.32934e-08 -2.05517e-07 4.30393e-08 -8.07804e-09 8.91722e-08 -8.07804e-09 -2.32934e-08
  -1.21087e-07 5.36847e-08 -2.32934e-08 6.08465e-09 5.36847e-08 -1.12426e-08 2.11013e-09 -2.32934e-08 2.11013e-09 6.08465e-09
  -1.06835e-06 4.73659e-07 -2.05517e-07 5.36847e-08 4.73659e-07 -9.91936e-08 1.86176e-08 -2.05517e-07 1.86176e-08 5.36847e-08
  2.23733e-07 -9.91936e-08 4.30393e-08 -1.12426e-08 -9.91936e-08 2.07731e-08 -3.89889e-09 4.30393e-08 -3.89889e-09 -1.12426e-08
  -4.19924e-08 1.86176e-08 -8.07804e-09 2.11013e-09 1.86176e-08 -3.89889e-09 7.31783e-10 -8.07804e-09 7.31783e-10 2.11013e-09
  4.63547e-07 -2.05517e-07 8.91722e-08 -2.32934e-08 -2.05517e-07 4.30393e-08 -8.07804e-09 8.91722e-08 -8.07804e-09 -2.32934e-08
  -4.19924e-08 1.86176e-08 -8.07804e-09 2.11013e-09 1.86176e-08 -3.89889e-09 7.31783e-10 -8.07804e-09 7.31783e-10 2.11013e-09
  -1.21087e-07 5.36847e-08 -2.32934e-08 6.08465e-09 5.36847e-08 -1.12426e-08 2.11013e-09 -2.32934e-08 2.11013e-09 6.08465e-09
face_integral[2] [size=10]: 1.09765e-06 -4.86652e-07 2.11154e-07 -5.51573e-08 -4.86652e-07 1.01914e-07 -1.91283e-08 2.11154e-07 -1.91283e-08 -5.51573e-08
face_coupling[0]: face_id=4, neighbor=1, attr=0, shared=0
  coupling [shape=10x10]
  2.40968e-06 -1.06835e-06 4.63547e-07 -1.21087e-07 -1.06835e-06 2.23733e-07 -4.19924e-08 4.63547e-07 -4.19924e-08 -1.21087e-07
  -1.06835e-06 4.73659e-07 -2.05517e-07 5.36847e-08 4.73659e-07 -9.91936e-08 1.86176e-08 -2.05517e-07 1.86176e-08 5.36847e-08
  4.63547e-07 -2.05517e-07 8.91722e-08 -2.32934e-08 -2.05517e-07 4.30393e-08 -8.07804e-09 8.91722e-08 -8.07804e-09 -2.32934e-08
  -1.21087e-07 5.36847e-08 -2.32934e-08 6.08465e-09 5.36847e-08 -1.12426e-08 2.11013e-09 -2.32934e-08 2.11013e-09 6.08465e-09
  -1.06835e-06 4.73659e-07 -2.05517e-07 5.36847e-08 4.73659e-07 -9.91936e-08 1.86176e-08 -2.05517e-07 1.86176e-08 5.36847e-08
  2.23733e-07 -9.91936e-08 4.30393e-08 -1.12426e-08 -9.91936e-08 2.07731e-08 -3.89889e-09 4.30393e-08 -3.89889e-09 -1.12426e-08
  -4.19924e-08 1.86176e-08 -8.07804e-09 2.11013e-09 1.86176e-08 -3.89889e-09 7.31783e-10 -8.07804e-09 7.31783e-10 2.11013e-09
  4.63547e-07 -2.05517e-07 8.91722e-08 -2.32934e-08 -2.05517e-07 4.30393e-08 -8.07804e-09 8.91722e-08 -8.07804e-09 -2.32934e-08
  -4.19924e-08 1.86176e-08 -8.07804e-09 2.11013e-09 1.86176e-08 -3.89889e-09 7.31783e-10 -8.07804e-09 7.31783e-10 2.11013e-09
  -1.21087e-07 5.36847e-08 -2.32934e-08 6.08465e-09 5.36847e-08 -1.12426e-08 2.11013e-09 -2.32934e-08 2.11013e-09 6.08465e-09
face_coupling[1]: face_id=5, neighbor=4, attr=0, shared=0
  coupling [shape=10x10]
  3.4078e-06 -1.51087e-06 6.55555e-07 -1.71243e-07 -1.51087e-06 3.16406e-07 -5.93862e-08 6.55555e-07 -5.93862e-08 -1.71243e-07
  -1.51087e-06 6.69856e-07 -2.90645e-07 7.59217e-08 6.69856e-07 -1.40281e-07 2.63293e-08 -2.90645e-07 2.63293e-08 7.59217e-08
  6.55555e-07 -2.90645e-07 1.26109e-07 -3.29418e-08 -2.90645e-07 6.08668e-08 -1.14241e-08 1.26109e-07 -1.14241e-08 -3.29418e-08
  -1.71243e-07 7.59217e-08 -3.29418e-08 8.60499e-09 7.59217e-08 -1.58995e-08 2.98417e-09 -3.29418e-08 2.98417e-09 8.60499e-09
  -1.51087e-06 6.69856e-07 -2.90645e-07 7.59217e-08 6.69856e-07 -1.40281e-07 2.63293e-08 -2.90645e-07 2.63293e-08 7.59217e-08
  3.16406e-07 -1.40281e-07 6.08668e-08 -1.58995e-08 -1.40281e-07 2.93776e-08 -5.51387e-09 6.08668e-08 -5.51387e-09 -1.58995e-08
  -5.93862e-08 2.63293e-08 -1.14241e-08 2.98417e-09 2.63293e-08 -5.51387e-09 1.0349e-09 -1.14241e-08 1.0349e-09 2.98417e-09
  6.55555e-07 -2.90645e-07 1.26109e-07 -3.29418e-08 -2.90645e-07 6.08668e-08 -1.14241e-08 1.26109e-07 -1.14241e-08 -3.29418e-08
  -5.93862e-08 2.63293e-08 -1.14241e-08 2.98417e-09 2.63293e-08 -5.51387e-09 1.0349e-09 -1.14241e-08 1.0349e-09 2.98417e-09
  -1.71243e-07 7.59217e-08 -3.29418e-08 8.60499e-09 7.59217e-08 -1.58995e-08 2.98417e-09 -3.29418e-08 2.98417e-09 8.60499e-09
face_coupling[2]: face_id=6, neighbor=-1, attr=1, shared=0
  isothermal_rhs [size=10]: 1.09765e-06 -4.86652e-07 2.11154e-07 -5.51573e-08 -4.86652e-07 1.01914e-07 -1.91283e-08 2.11154e-07 -1.91283e-08 -5.51573e-08

=== Element 3 (rank 0) ===
basis_integrals [size=10]: 6.69444e-15 1.27703e-14 1.27703e-14 6.69444e-15 1.27703e-14 2.82948e-14 1.27703e-14 1.27703e-14 1.27703e-14 6.69444e-15
mass_matrix [shape=10x10]
  6.88038e-15 -5.27011e-16 3.934e-16 -1.1951e-16 -5.27011e-16 2.32597e-16 4.38528e-17 3.934e-16 4.38528e-17 -1.1951e-16
  -5.27011e-16 1.36329e-14 -1.09273e-15 3.934e-16 8.48306e-16 2.27006e-16 -3.81415e-16 -3.81415e-16 7.45435e-18 4.38528e-17
  3.934e-16 -1.09273e-15 1.36329e-14 -5.27011e-16 -3.81415e-16 2.27006e-16 8.48306e-16 7.45435e-18 -3.81415e-16 4.38528e-17
  -1.1951e-16 3.934e-16 -5.27011e-16 6.88038e-15 4.38528e-17 2.32597e-16 -5.27011e-16 4.38528e-17 3.934e-16 -1.1951e-16
  -5.27011e-16 8.48306e-16 -3.81415e-16 4.38528e-17 1.36329e-14 2.27006e-16 7.45435e-18 -1.09273e-15 -3.81415e-16 3.934e-16
  2.32597e-16 2.27006e-16 2.27006e-16 2.32597e-16 2.27006e-16 2.62349e-14 2.27006e-16 2.27006e-16 2.27006e-16 2.32597e-16
  4.38528e-17 -3.81415e-16 8.48306e-16 -5.27011e-16 7.45435e-18 2.27006e-16 1.36329e-14 -3.81415e-16 -1.09273e-15 3.934e-16
  3.934e-16 -3.81415e-16 7.45435e-18 4.38528e-17 -1.09273e-15 2.27006e-16 -3.81415e-16 1.36329e-14 8.48306e-16 -5.27011e-16
  4.38528e-17 7.45435e-18 -3.81415e-16 3.934e-16 -3.81415e-16 2.27006e-16 -1.09273e-15 8.48306e-16 1.36329e-14 -5.27011e-16
  -1.1951e-16 4.38528e-17 4.38528e-17 -1.1951e-16 3.934e-16 2.32597e-16 3.934e-16 -5.27011e-16 -5.27011e-16 6.88038e-15
stiffness_matrix_dim0 [shape=10x10]
  1.02557e-22 3.02001e-09 3.23034e-09 -5.53603e-11 -3.02001e-09 3.30872e-23 2.10331e-10 -3.23034e-09 -2.10331e-10 5.53603e-11
  -1.34466e-07 -1.1498e-07 -3.63959e-09 -1.04703e-09 -1.00973e-07 -1.65752e-08 1.60071e-09 1.13431e-08 2.57625e-09 -1.3038e-09
  5.84229e-08 -8.32831e-08 -1.34587e-07 1.3219e-09 8.26327e-08 -9.4431e-08 -7.86616e-09 4.28837e-08 3.68919e-09 -1.71953e-09
  -1.65187e-08 2.17365e-08 -3.80892e-08 -9.28915e-08 -3.22649e-08 3.13323e-08 -4.11092e-08 -3.24752e-08 1.85061e-08 -1.64633e-08
  1.34466e-07 1.00973e-07 -1.13431e-08 1.3038e-09 1.1498e-07 1.65752e-08 -2.57625e-09 3.63959e-09 -1.60071e-09 1.04703e-09
  -1.92733e-22 1.70863e-07 1.82763e-07 -3.13212e-09 -1.70863e-07 4.63221e-23 1.18999e-08 -1.82763e-07 -1.18999e-08 3.13212e-09
  -4.15731e-10 -7.6539e-09 9.31067e-08 1.35787e-07 4.03074e-08 -7.78559e-08 -1.96075e-08 8.1032e-08 -7.96435e-08 5.94699e-08
  -5.84229e-08 -8.26327e-08 -4.28837e-08 1.71953e-09 8.32831e-08 9.4431e-08 -3.68919e-09 1.34587e-07 7.86616e-09 -1.3219e-09
  4.15731e-10 -4.03074e-08 -8.1032e-08 -5.94699e-08 7.6539e-09 7.78559e-08 7.96435e-08 -9.31067e-08 1.96075e-08 -1.35787e-07
  1.65187e-08 3.22649e-08 3.24752e-08 1.64633e-08 -2.17365e-08 -3.13323e-08 -1.85061e-08 3.80892e-08 4.11092e-08 9.28915e-08
stiffness_matrix_dim1 [shape=10x10]
  9.28915e-08 3.80892e-08 -2.17365e-08 1.65187e-08 4.11092e-08 -3.13323e-08 3.22649e-08 -1.85061e-08 3.24752e-08 1.64633e-08
  -1.3219e-09 1.34587e-07 8.32831e-08 -5.84229e-08 7.86616e-09 9.4431e-08 -8.26327e-08 -3.68919e-09 -4.28837e-08 1.71953e-09
  1.04703e-09 3.63959e-09 1.1498e-07 1.34466e-07 -1.60071e-09 1.65752e-08 1.00973e-07 -2.57625e-09 -1.13431e-08 1.3038e-09
  5.53603e-11 -3.23034e-09 -3.02001e-09 0 -2.10331e-10 1.07533e-23 3.02001e-09 2.10331e-10 3.23034e-09 -5.53603e-11
  -1.35787e-07 -9.31067e-08 7.6539e-09 4.15731e-10 1.96075e-08 7.78559e-08 -4.03074e-08 7.96435e-08 -8.1032e-08 -5.94699e-08
  3.13212e-09 -1.82763e-07 -1.70863e-07 -1.72881e-22 -1.18999e-08 -2.24993e-22 1.70863e-07 1.18999e-08 1.82763e-07 -3.13212e-09
  -1.3038e-09 1.13431e-08 -1.00973e-07 -1.34466e-07 2.57625e-09 -1.65752e-08 -1.1498e-07 1.60071e-09 -3.63959e-09 -1.04703e-09
  5.94699e-08 8.1032e-08 4.03074e-08 -4.15731e-10 -7.96435e-08 -7.78559e-08 -7.6539e-09 -1.96075e-08 9.31067e-08 1.35787e-07
  -1.71953e-09 4.28837e-08 8.26327e-08 5.84229e-08 3.68919e-09 -9.4431e-08 -8.32831e-08 -7.86616e-09 -1.34587e-07 1.3219e-09
  -1.64633e-08 -3.24752e-08 -3.22649e-08 -1.65187e-08 1.85061e-08 3.13323e-08 2.17365e-08 -4.11092e-08 -3.80892e-08 -9.28915e-08
face_mass_matrix[0] [shape=10x10]
  3.4078e-06 -1.51087e-06 6.55555e-07 -1.71243e-07 -1.51087e-06 3.16406e-07 -5.93862e-08 6.55555e-07 -5.93862e-08 -1.71243e-07
  -1.51087e-06 6.69856e-07 -2.90645e-07 7.59217e-08 6.69856e-07 -1.40281e-07 2.63293e-08 -2.90645e-07 2.63293e-08 7.59217e-08
  6.55555e-07 -2.90645e-07 1.26109e-07 -3.29418e-08 -2.90645e-07 6.08668e-08 -1.14241e-08 1.26109e-07 -1.14241e-08 -3.29418e-08
  -1.71243e-07 7.59217e-08 -3.29418e-08 8.60499e-09 7.59217e-08 -1.58995e-08 2.98417e-09 -3.29418e-08 2.98417e-09 8.60499e-09
  -1.51087e-06 6.69856e-07 -2.90645e-07 7.59217e-08 6.69856e-07 -1.40281e-07 2.63293e-08 -2.90645e-07 2.63293e-08 7.59217e-08
  3.16406e-07 -1.40281e-07 6.08668e-08 -1.58995e-08 -1.40281e-07 2.93776e-08 -5.51387e-09 6.08668e-08 -5.51387e-09 -1.58995e-08
  -5.93862e-08 2.63293e-08 -1.14241e-08 2.98417e-09 2.63293e-08 -5.51387e-09 1.0349e-09 -1.14241e-08 1.0349e-09 2.98417e-09
