DG integral dump
elements: 6

=== Element 0 ===
basis_integrals [size=10]: 0.0104503 0.0208109 0.0104503 0.0208109 0.0208109 0.0104503 0.0208109 0.0208109 0.0208109 0.0104503
mass_matrix [shape=10x10]
  0.0129585 -0.00139833 0.000530975 -0.00139833 3.1299e-05 0.000530975 -0.00139833 3.1299e-05 3.1299e-05 0.000530975
  -0.00139833 0.0218397 -0.00139833 0.000610171 0.000610171 3.1299e-05 0.000610171 0.000610171 -0.000735367 3.1299e-05
  0.000530975 -0.00139833 0.0129585 3.1299e-05 -0.00139833 0.000530975 3.1299e-05 -0.00139833 3.1299e-05 0.000530975
  -0.00139833 0.000610171 3.1299e-05 0.0218397 0.000610171 -0.00139833 0.000610171 -0.000735367 0.000610171 3.1299e-05
  3.1299e-05 0.000610171 -0.00139833 0.000610171 0.0218397 -0.00139833 -0.000735367 0.000610171 0.000610171 3.1299e-05
  0.000530975 3.1299e-05 0.000530975 -0.00139833 -0.00139833 0.0129585 3.1299e-05 3.1299e-05 -0.00139833 0.000530975
  -0.00139833 0.000610171 3.1299e-05 0.000610171 -0.000735367 3.1299e-05 0.0218397 0.000610171 0.000610171 -0.00139833
  3.1299e-05 0.000610171 -0.00139833 -0.000735367 0.000610171 3.1299e-05 0.000610171 0.0218397 0.000610171 -0.00139833
  3.1299e-05 -0.000735367 3.1299e-05 0.000610171 0.000610171 -0.00139833 0.000610171 0.000610171 0.0218397 -0.00139833
  0.000530975 3.1299e-05 0.000530975 3.1299e-05 3.1299e-05 0.000530975 -0.00139833 -0.00139833 -0.00139833 0.0129585
stiffness_matrix_dim0 [shape=10x10]
  8.34271e-18 1.24353e-17 -1.19338e-18 3.94752e-18 -1.75465e-18 -2.02978e-18 1.39568e-17 1.88011e-17 2.61329e-17 1.10363e-17
  -0.0687277 -0.0641128 0.000866254 -0.0641128 -0.00173251 0.000866254 -0.0641128 -0.00173251 -0.00173251 0.000866254
  0.0173985 -0.0311901 -0.0521954 0.0311901 -0.0311901 0.0173985 0.0311901 -0.0311901 0.0311901 0.0173985
  8.02666e-18 3.01138e-17 3.97985e-17 -3.26899e-17 7.15134e-18 -4.98897e-17 -3.41042e-17 -1.40376e-17 -5.64075e-17 -8.28068e-17
  0.000866254 -0.00173251 0.000866254 -0.0641128 -0.0641128 -0.0687277 -0.00173251 -0.00173251 -0.0641128 0.000866254
  6.41663e-19 5.88896e-19 -1.19266e-17 1.15432e-17 2.85214e-18 2.05932e-18 9.69789e-18 -3.3225e-18 1.49953e-17 1.9506e-17
  0.0687277 0.0641128 -0.000866254 0.0641128 0.00173251 -0.000866254 0.0641128 0.00173251 0.00173251 -0.000866254
  5.20417e-18 0.0623803 0.0695939 3.1225e-17 0.0623803 -5.89806e-17 -0.0623803 -1.04083e-17 -0.0623803 -0.0695939
  -0.000866254 0.00173251 -0.000866254 0.0641128 0.0641128 0.0687277 0.00173251 0.00173251 0.0641128 -0.000866254
  -0.0173985 -0.0311901 -0.0173985 -0.0311901 -0.0311901 -0.0173985 0.0311901 0.0311901 0.0311901 0.0521954
stiffness_matrix_dim1 [shape=10x10]
  9.56181e-19 1.03471e-17 5.94157e-18 2.518e-18 7.2148e-18 1.01827e-17 -1.66335e-17 9.15612e-18 -1.44926e-17 -4.74044e-18
  -1.36483e-17 1.14125e-17 -1.95857e-18 -3.07e-17 -6.86025e-18 -1.38901e-17 1.53248e-17 3.58688e-17 4.30275e-18 -1.97989e-18
  8.40421e-18 -3.36377e-18 1.18743e-18 5.07512e-19 -4.63078e-18 -1.54721e-18 -1.11997e-17 -1.84534e-17 -2.20034e-18 -2.11163e-18
  0.0687277 0.0641128 -0.000866254 0.0641128 0.00173251 -0.000866254 0.0641128 0.00173251 0.00173251 -0.000866254
  -0.000866254 0.0641128 0.0687277 0.00173251 0.0641128 -0.000866254 0.00173251 0.0641128 0.00173251 -0.000866254
  -0.0173985 -0.0311901 -0.0173985 0.0311901 0.0311901 0.0521954 -0.0311901 -0.0311901 0.0311901 -0.0173985
  -0.0687277 -0.0641128 0.000866254 -0.0641128 -0.00173251 0.000866254 -0.0641128 -0.00173251 -0.00173251 0.000866254
  0.000866254 -0.0641128 -0.0687277 -0.00173251 -0.0641128 0.000866254 -0.00173251 -0.0641128 -0.00173251 0.000866254
  6.97979e-18 -2.68552e-17 -5.0374e-18 -0.0623803 -0.0623803 -0.0695939 0.0623803 0.0623803 -2.79866e-18 0.0695939
  0.0173985 0.0311901 0.0173985 0.0311901 0.0311901 0.0173985 -0.0311901 -0.0311901 -0.0311901 -0.0521954
stiffness_matrix_dim2 [shape=10x10]
  0.0521954 0.0311901 -0.0173985 0.0311901 -0.0311901 -0.0173985 0.0311901 -0.0311901 -0.0311901 -0.0173985
  -0.000866254 0.0641128 0.0687277 0.00173251 0.0641128 -0.000866254 0.00173251 0.0641128 0.00173251 -0.000866254
  4.72808e-18 4.78983e-19 -1.8438e-17 8.27188e-18 -2.80781e-18 1.49401e-18 1.58059e-17 6.74099e-18 9.29831e-18 6.5243e-18
  -0.0695939 -0.0623803 -2.68791e-17 -5.38053e-17 0.0623803 0.0695939 -0.0623803 4.63311e-17 0.0623803 1.03253e-17
  0.000866254 -0.0641128 -0.0687277 -0.00173251 -0.0641128 0.000866254 -0.00173251 -0.0641128 -0.00173251 0.000866254
  0.0173985 0.0311901 0.0173985 -0.0311901 -0.0311901 -0.0521954 0.0311901 0.0311901 -0.0311901 0.0173985
  -0.000866254 0.00173251 -0.000866254 0.00173251 0.00173251 -0.000866254 0.0641128 0.0641128 0.0641128 0.0687277
  -2.0012e-18 -4.36218e-18 -1.72913e-18 -6.0485e-18 -1.18229e-17 -5.97665e-18 3.16088e-17 1.90589e-17 2.78439e-17 1.77287e-17
  0.000866254 -0.00173251 0.000866254 -0.00173251 -0.00173251 0.000866254 -0.0641128 -0.0641128 -0.0641128 -0.0687277
  6.4163e-18 3.8619e-18 -3.96667e-18 4.18882e-18 -5.18232e-18 4.64109e-18 1.27376e-17 4.02649e-18 6.33353e-18 1.61143e-17
face_mass_matrix[0] [shape=10x10]
  3.61946 -1.12467 0.252689 -1.12467 0.113914 0.252689 -1.12467 0.113914 0.113914 0.252689
  -1.12467 0.349467 -0.0785176 0.349467 -0.0353962 -0.0785176 0.349467 -0.0353962 -0.0353962 -0.0785176
  0.252689 -0.0785176 0.0176412 -0.0785176 0.00795277 0.0176412 -0.0785176 0.00795277 0.00795277 0.0176412
  -1.12467 0.349467 -0.0785176 0.349467 -0.0353962 -0.0785176 0.349467 -0.0353962 -0.0353962 -0.0785176
  0.113914 -0.0353962 0.00795277 -0.0353962 0.00358516 0.00795277 -0.0353962 0.00358516 0.00358516 0.00795277
  0.252689 -0.0785176 0.0176412 -0.0785176 0.00795277 0.0176412 -0.0785176 0.00795277 0.00795277 0.0176412
  -1.12467 0.349467 -0.0785176 0.349467 -0.0353962 -0.0785176 0.349467 -0.0353962 -0.0353962 -0.0785176
  0.113914 -0.0353962 0.00795277 -0.0353962 0.00358516 0.00795277 -0.0353962 0.00358516 0.00358516 0.00795277
  0.113914 -0.0353962 0.00795277 -0.0353962 0.00358516 0.00795277 -0.0353962 0.00358516 0.00358516 0.00795277
  0.252689 -0.0785176 0.0176412 -0.0785176 0.00795277 0.0176412 -0.0785176 0.00795277 0.00795277 0.0176412
face_integral[0] [size=10]: 1.34526 -0.418011 0.0939181 -0.418011 0.0423389 0.0939181 -0.418011 0.0423389 0.0423389 0.0939181
face_mass_matrix[1] [shape=10x10]
  3.61946 -1.12467 0.252689 -1.12467 0.113914 0.252689 -1.12467 0.113914 0.113914 0.252689
  -1.12467 0.349467 -0.0785176 0.349467 -0.0353962 -0.0785176 0.349467 -0.0353962 -0.0353962 -0.0785176
  0.252689 -0.0785176 0.0176412 -0.0785176 0.00795277 0.0176412 -0.0785176 0.00795277 0.00795277 0.0176412
  -1.12467 0.349467 -0.0785176 0.349467 -0.0353962 -0.0785176 0.349467 -0.0353962 -0.0353962 -0.0785176
  0.113914 -0.0353962 0.00795277 -0.0353962 0.00358516 0.00795277 -0.0353962 0.00358516 0.00358516 0.00795277
  0.252689 -0.0785176 0.0176412 -0.0785176 0.00795277 0.0176412 -0.0785176 0.00795277 0.00795277 0.0176412
  -1.12467 0.349467 -0.0785176 0.349467 -0.0353962 -0.0785176 0.349467 -0.0353962 -0.0353962 -0.0785176
  0.113914 -0.0353962 0.00795277 -0.0353962 0.00358516 0.00795277 -0.0353962 0.00358516 0.00358516 0.00795277
  0.113914 -0.0353962 0.00795277 -0.0353962 0.00358516 0.00795277 -0.0353962 0.00358516 0.00358516 0.00795277
  0.252689 -0.0785176 0.0176412 -0.0785176 0.00795277 0.0176412 -0.0785176 0.00795277 0.00795277 0.0176412
face_integral[1] [size=10]: 1.34526 -0.418011 0.0939181 -0.418011 0.0423389 0.0939181 -0.418011 0.0423389 0.0423389 0.0939181
face_mass_matrix[2] [shape=10x10]
  5.11869 -1.59052 0.357356 -1.59052 0.161098 0.357356 -1.59052 0.161098 0.161098 0.357356
  -1.59052 0.49422 -0.111041 0.49422 -0.0500579 -0.111041 0.49422 -0.0500579 -0.0500579 -0.111041
  0.357356 -0.111041 0.0249484 -0.111041 0.0112469 0.0249484 -0.111041 0.0112469 0.0112469 0.0249484
  -1.59052 0.49422 -0.111041 0.49422 -0.0500579 -0.111041 0.49422 -0.0500579 -0.0500579 -0.111041
  0.161098 -0.0500579 0.0112469 -0.0500579 0.00507019 0.0112469 -0.0500579 0.00507019 0.00507019 0.0112469
  0.357356 -0.111041 0.0249484 -0.111041 0.0112469 0.0249484 -0.111041 0.0112469 0.0112469 0.0249484
  -1.59052 0.49422 -0.111041 0.49422 -0.0500579 -0.111041 0.49422 -0.0500579 -0.0500579 -0.111041
  0.161098 -0.0500579 0.0112469 -0.0500579 0.00507019 0.0112469 -0.0500579 0.00507019 0.00507019 0.0112469
  0.161098 -0.0500579 0.0112469 -0.0500579 0.00507019 0.0112469 -0.0500579 0.00507019 0.00507019 0.0112469
  0.357356 -0.111041 0.0249484 -0.111041 0.0112469 0.0249484 -0.111041 0.0112469 0.0112469 0.0249484
face_integral[2] [size=10]: 1.90249 -0.591157 0.13282 -0.591157 0.0598762 0.13282 -0.591157 0.0598762 0.0598762 0.13282
face_mass_matrix[3] [shape=10x10]
  5.11869 -1.59052 0.357356 -1.59052 0.161098 0.357356 -1.59052 0.161098 0.161098 0.357356
  -1.59052 0.49422 -0.111041 0.49422 -0.0500579 -0.111041 0.49422 -0.0500579 -0.0500579 -0.111041
  0.357356 -0.111041 0.0249484 -0.111041 0.0112469 0.0249484 -0.111041 0.0112469 0.0112469 0.0249484
  -1.59052 0.49422 -0.111041 0.49422 -0.0500579 -0.111041 0.49422 -0.0500579 -0.0500579 -0.111041
  0.161098 -0.0500579 0.0112469 -0.0500579 0.00507019 0.0112469 -0.0500579 0.00507019 0.00507019 0.0112469
  0.357356 -0.111041 0.0249484 -0.111041 0.0112469 0.0249484 -0.111041 0.0112469 0.0112469 0.0249484
  -1.59052 0.49422 -0.111041 0.49422 -0.0500579 -0.111041 0.49422 -0.0500579 -0.0500579 -0.111041
  0.161098 -0.0500579 0.0112469 -0.0500579 0.00507019 0.0112469 -0.0500579 0.00507019 0.00507019 0.0112469
  0.161098 -0.0500579 0.0112469 -0.0500579 0.00507019 0.0112469 -0.0500579 0.00507019 0.00507019 0.0112469
  0.357356 -0.111041 0.0249484 -0.111041 0.0112469 0.0249484 -0.111041 0.0112469 0.0112469 0.0249484
face_integral[3] [size=10]: 1.90249 -0.591157 0.13282 -0.591157 0.0598762 0.13282 -0.591157 0.0598762 0.0598762 0.13282
face_coupling[0]: face_id=0, neighbor=-1, attr=1
  isothermal_rhs [size=10]: 1.34526 -0.418011 0.0939181 -0.418011 0.0423389 0.0939181 -0.418011 0.0423389 0.0423389 0.0939181
face_coupling[1]: face_id=1, neighbor=-1, attr=1
  isothermal_rhs [size=10]: 1.34526 -0.418011 0.0939181 -0.418011 0.0423389 0.0939181 -0.418011 0.0423389 0.0423389 0.0939181
face_coupling[2]: face_id=2, neighbor=5, attr=0
  coupling [shape=10x10]
  5.11869 -1.59052 0.357356 -1.59052 0.161098 0.357356 -1.59052 0.161098 0.161098 0.357356
  -1.59052 0.49422 -0.111041 0.49422 -0.0500579 -0.111041 0.49422 -0.0500579 -0.0500579 -0.111041
  0.357356 -0.111041 0.0249484 -0.111041 0.0112469 0.0249484 -0.111041 0.0112469 0.0112469 0.0249484
  -1.59052 0.49422 -0.111041 0.49422 -0.0500579 -0.111041 0.49422 -0.0500579 -0.0500579 -0.111041
  0.161098 -0.0500579 0.0112469 -0.0500579 0.00507019 0.0112469 -0.0500579 0.00507019 0.00507019 0.0112469
  0.357356 -0.111041 0.0249484 -0.111041 0.0112469 0.0249484 -0.111041 0.0112469 0.0112469 0.0249484
  -1.59052 0.49422 -0.111041 0.49422 -0.0500579 -0.111041 0.49422 -0.0500579 -0.0500579 -0.111041
  0.161098 -0.0500579 0.0112469 -0.0500579 0.00507019 0.0112469 -0.0500579 0.00507019 0.00507019 0.0112469
  0.161098 -0.0500579 0.0112469 -0.0500579 0.00507019 0.0112469 -0.0500579 0.00507019 0.00507019 0.0112469
  0.357356 -0.111041 0.0249484 -0.111041 0.0112469 0.0249484 -0.111041 0.0112469 0.0112469 0.0249484
face_coupling[3]: face_id=3, neighbor=1, attr=0
  coupling [shape=10x10]
  5.11869 -1.59052 0.357356 -1.59052 0.161098 0.357356 -1.59052 0.161098 0.161098 0.357356
  -1.59052 0.49422 -0.111041 0.49422 -0.0500579 -0.111041 0.49422 -0.0500579 -0.0500579 -0.111041
  0.357356 -0.111041 0.0249484 -0.111041 0.0112469 0.0249484 -0.111041 0.0112469 0.0112469 0.0249484
  -1.59052 0.49422 -0.111041 0.49422 -0.0500579 -0.111041 0.49422 -0.0500579 -0.0500579 -0.111041
  0.161098 -0.0500579 0.0112469 -0.0500579 0.00507019 0.0112469 -0.0500579 0.00507019 0.00507019 0.0112469
  0.357356 -0.111041 0.0249484 -0.111041 0.0112469 0.0249484 -0.111041 0.0112469 0.0112469 0.0249484
  -1.59052 0.49422 -0.111041 0.49422 -0.0500579 -0.111041 0.49422 -0.0500579 -0.0500579 -0.111041
  0.161098 -0.0500579 0.0112469 -0.0500579 0.00507019 0.0112469 -0.0500579 0.00507019 0.00507019 0.0112469
  0.161098 -0.0500579 0.0112469 -0.0500579 0.00507019 0.0112469 -0.0500579 0.00507019 0.00507019 0.0112469
  0.357356 -0.111041 0.0249484 -0.111041 0.0112469 0.0249484 -0.111041 0.0112469 0.0112469 0.0249484

=== Element 1 ===
basis_integrals [size=10]: 0.0104503 0.0208109 0.0104503 0.0208109 0.0208109 0.0104503 0.0208109 0.0208109 0.0208109 0.0104503
mass_matrix [shape=10x10]
  0.0129585 -0.00139833 0.000530975 -0.00139833 3.1299e-05 0.000530975 -0.00139833 3.1299e-05 3.1299e-05 0.000530975
  -0.00139833 0.0218397 -0.00139833 0.000610171 0.000610171 3.1299e-05 0.000610171 0.000610171 -0.000735367 3.1299e-05
  0.000530975 -0.00139833 0.0129585 3.1299e-05 -0.00139833 0.000530975 3.1299e-05 -0.00139833 3.1299e-05 0.000530975
  -0.00139833 0.000610171 3.1299e-05 0.0218397 0.000610171 -0.00139833 0.000610171 -0.000735367 0.000610171 3.1299e-05
  3.1299e-05 0.000610171 -0.00139833 0.000610171 0.0218397 -0.00139833 -0.000735367 0.000610171 0.000610171 3.1299e-05
  0.000530975 3.1299e-05 0.000530975 -0.00139833 -0.00139833 0.0129585 3.1299e-05 3.1299e-05 -0.00139833 0.000530975
  -0.00139833 0.000610171 3.1299e-05 0.000610171 -0.000735367 3.1299e-05 0.0218397 0.000610171 0.000610171 -0.00139833
  3.1299e-05 0.000610171 -0.00139833 -0.000735367 0.000610171 3.1299e-05 0.000610171 0.0218397 0.000610171 -0.00139833
  3.1299e-05 -0.000735367 3.1299e-05 0.000610171 0.000610171 -0.00139833 0.000610171 0.000610171 0.0218397 -0.00139833
  0.000530975 3.1299e-05 0.000530975 3.1299e-05 3.1299e-05 0.000530975 -0.00139833 -0.00139833 -0.00139833 0.0129585
stiffness_matrix_dim0 [shape=10x10]
  -9.56181e-19 -1.03471e-17 -5.94157e-18 -2.518e-18 -7.2148e-18 -1.01827e-17 1.66335e-17 -9.15612e-18 1.44926e-17 4.74044e-18
  1.36483e-17 -1.14125e-17 1.95857e-18 3.07e-17 6.86025e-18 1.38901e-17 -1.53248e-17 -3.58688e-17 -4.30275e-18 1.97989e-18
  -8.40421e-18 3.36377e-18 -1.18743e-18 -5.07512e-19 4.63078e-18 1.54721e-18 1.11997e-17 1.84534e-17 2.20034e-18 2.11163e-18
  -0.0687277 -0.0641128 0.000866254 -0.0641128 -0.00173251 0.000866254 -0.0641128 -0.00173251 -0.00173251 0.000866254
  0.000866254 -0.0641128 -0.0687277 -0.00173251 -0.0641128 0.000866254 -0.00173251 -0.0641128 -0.00173251 0.000866254
  0.0173985 0.0311901 0.0173985 -0.0311901 -0.0311901 -0.0521954 0.0311901 0.0311901 -0.0311901 0.0173985
  0.0687277 0.0641128 -0.000866254 0.0641128 0.00173251 -0.000866254 0.0641128 0.00173251 0.00173251 -0.000866254
  -0.000866254 0.0641128 0.0687277 0.00173251 0.0641128 -0.000866254 0.00173251 0.0641128 0.00173251 -0.000866254
  -6.97979e-18 2.68552e-17 5.0374e-18 0.0623803 0.0623803 0.0695939 -0.0623803 -0.0623803 2.79866e-18 -0.0695939
  -0.0173985 -0.0311901 -0.0173985 -0.0311901 -0.0311901 -0.0173985 0.0311901 0.0311901 0.0311901 0.0521954
stiffness_matrix_dim1 [shape=10x10]
  9.29889e-18 2.27824e-17 4.74819e-18 6.46552e-18 5.46015e-18 8.15297e-18 -2.67674e-18 2.79572e-17 1.16403e-17 6.29582e-18
  -0.0687277 -0.0641128 0.000866254 -0.0641128 -0.00173251 0.000866254 -0.0641128 -0.00173251 -0.00173251 0.000866254
  0.0173985 -0.0311901 -0.0521954 0.0311901 -0.0311901 0.0173985 0.0311901 -0.0311901 0.0311901 0.0173985
  0.0687277 0.0641128 -0.000866254 0.0641128 0.00173251 -0.000866254 0.0641128 0.00173251 0.00173251 -0.000866254
  1.73472e-18 0.0623803 0.0695939 -0.0623803 -2.38524e-17 -0.0695939 6.93889e-18 0.0623803 -0.0623803 6.07153e-18
  -0.0173985 -0.0311901 -0.0173985 0.0311901 0.0311901 0.0521954 -0.0311901 -0.0311901 0.0311901 -0.0173985
  1.23082e-18 1.41527e-18 7.32633e-18 -4.41576e-18 -1.08221e-18 3.60165e-18 4.94122e-18 4.97901e-18 -3.48863e-18 3.07388e-17
  0.000866254 -0.00173251 0.000866254 -0.00173251 -0.00173251 0.000866254 -0.0641128 -0.0641128 -0.0641128 -0.0687277
  -0.000866254 0.00173251 -0.000866254 0.00173251 0.00173251 -0.000866254 0.0641128 0.0641128 0.0641128 0.0687277
  1.2493e-18 3.13832e-18 7.06477e-18 -1.34402e-18 -1.39648e-18 -1.61164e-18 -1.96181e-18 -2.89088e-18 -4.69182e-18 -9.72056e-18
stiffness_matrix_dim2 [shape=10x10]
  0.0521954 0.0311901 -0.0173985 0.0311901 -0.0311901 -0.0173985 0.0311901 -0.0311901 -0.0311901 -0.0173985
  -0.000866254 0.0641128 0.0687277 0.00173251 0.0641128 -0.000866254 0.00173251 0.0641128 0.00173251 -0.000866254
  1.31323e-17 -2.88479e-18 -1.72506e-17 8.77939e-18 -7.43859e-18 -5.32017e-20 4.60624e-18 -1.17124e-17 7.09797e-18 4.41267e-18
  -0.000866254 0.00173251 -0.000866254 0.0641128 0.0641128 0.0687277 0.00173251 0.00173251 0.0641128 -0.000866254
  1.29759e-17 1.8416e-17 3.39113e-18 1.88886e-17 2.43557e-17 2.19744e-18 -5.22602e-18 -1.69657e-19 3.98096e-18 -2.25498e-17
  7.8605e-18 5.98138e-18 1.40229e-17 -1.07844e-17 -5.36951e-18 -1.20184e-17 -4.68327e-18 3.01556e-18 -1.04776e-17 -5.51285e-18
  -0.0695939 -0.0623803 -1.61148e-17 -0.0623803 1.41702e-17 1.40561e-17 -6.84715e-17 0.0623803 0.0623803 0.0695939
  0.000866254 -0.0641128 -0.0687277 -0.00173251 -0.0641128 0.000866254 -0.00173251 -0.0641128 -0.00173251 0.000866254
  0.000866254 -0.00173251 0.000866254 -0.0641128 -0.0641128 -0.0687277 -0.00173251 -0.00173251 -0.0641128 0.000866254
  0.0173985 0.0311901 0.0173985 0.0311901 0.0311901 0.0173985 -0.0311901 -0.0311901 -0.0311901 -0.0521954
face_mass_matrix[0] [shape=10x10]
  5.11869 -1.59052 0.357356 -1.59052 0.161098 0.357356 -1.59052 0.161098 0.161098 0.357356
  -1.59052 0.49422 -0.111041 0.49422 -0.0500579 -0.111041 0.49422 -0.0500579 -0.0500579 -0.111041
  0.357356 -0.111041 0.0249484 -0.111041 0.0112469 0.0249484 -0.111041 0.0112469 0.0112469 0.0249484
  -1.59052 0.49422 -0.111041 0.49422 -0.0500579 -0.111041 0.49422 -0.0500579 -0.0500579 -0.111041
  0.161098 -0.0500579 0.0112469 -0.0500579 0.00507019 0.0112469 -0.0500579 0.00507019 0.00507019 0.0112469
  0.357356 -0.111041 0.0249484 -0.111041 0.0112469 0.0249484 -0.111041 0.0112469 0.0112469 0.0249484
  -1.59052 0.49422 -0.111041 0.49422 -0.0500579 -0.111041 0.49422 -0.0500579 -0.0500579 -0.111041
  0.161098 -0.0500579 0.0112469 -0.0500579 0.00507019 0.0112469 -0.0500579 0.00507019 0.00507019 0.0112469
  0.161098 -0.0500579 0.0112469 -0.0500579 0.00507019 0.0112469 -0.0500579 0.00507019 0.00507019 0.0112469
  0.357356 -0.111041 0.0249484 -0.111041 0.0112469 0.0249484 -0.111041 0.0112469 0.0112469 0.0249484
face_integral[0] [size=10]: 1.90249 -0.591157 0.13282 -0.591157 0.0598762 0.13282 -0.591157 0.0598762 0.0598762 0.13282
face_mass_matrix[1] [shape=10x10]
  3.61946 -1.12467 0.252689 -1.12467 0.113914 0.252689 -1.12467 0.113914 0.113914 0.252689
  -1.12467 0.349467 -0.0785176 0.349467 -0.0353962 -0.0785176 0.349467 -0.0353962 -0.0353962 -0.0785176
  0.252689 -0.0785176 0.0176412 -0.0785176 0.00795277 0.0176412 -0.0785176 0.00795277 0.00795277 0.0176412
  -1.12467 0.349467 -0.0785176 0.349467 -0.0353962 -0.0785176 0.349467 -0.0353962 -0.0353962 -0.0785176
  0.113914 -0.0353962 0.00795277 -0.0353962 0.00358516 0.00795277 -0.0353962 0.00358516 0.00358516 0.00795277
  0.252689 -0.0785176 0.0176412 -0.0785176 0.00795277 0.0176412 -0.0785176 0.00795277 0.00795277 0.0176412
  -1.12467 0.349467 -0.0785176 0.349467 -0.0353962 -0.0785176 0.349467 -0.0353962 -0.0353962 -0.0785176
  0.113914 -0.0353962 0.00795277 -0.0353962 0.00358516 0.00795277 -0.0353962 0.00358516 0.00358516 0.00795277
  0.113914 -0.0353962 0.00795277 -0.0353962 0.00358516 0.00795277 -0.0353962 0.00358516 0.00358516 0.00795277
  0.252689 -0.0785176 0.0176412 -0.0785176 0.00795277 0.0176412 -0.0785176 0.00795277 0.00795277 0.0176412
face_integral[1] [size=10]: 1.34526 -0.418011 0.0939181 -0.418011 0.0423389 0.0939181 -0.418011 0.0423389 0.0423389 0.0939181
face_mass_matrix[2] [shape=10x10]
  3.61946 -1.12467 0.252689 -1.12467 0.113914 0.252689 -1.12467 0.113914 0.113914 0.252689
  -1.12467 0.349467 -0.0785176 0.349467 -0.0353962 -0.0785176 0.349467 -0.0353962 -0.0353962 -0.0785176
  0.252689 -0.0785176 0.0176412 -0.0785176 0.00795277 0.0176412 -0.0785176 0.00795277 0.00795277 0.0176412
  -1.12467 0.349467 -0.0785176 0.349467 -0.0353962 -0.0785176 0.349467 -0.0353962 -0.0353962 -0.0785176
  0.113914 -0.0353962 0.00795277 -0.0353962 0.00358516 0.00795277 -0.0353962 0.00358516 0.00358516 0.00795277
  0.252689 -0.0785176 0.0176412 -0.0785176 0.00795277 0.0176412 -0.0785176 0.00795277 0.00795277 0.0176412
  -1.12467 0.349467 -0.0785176 0.349467 -0.0353962 -0.0785176 0.349467 -0.0353962 -0.0353962 -0.0785176
  0.113914 -0.0353962 0.00795277 -0.0353962 0.00358516 0.00795277 -0.0353962 0.00358516 0.00358516 0.00795277
  0.113914 -0.0353962 0.00795277 -0.0353962 0.00358516 0.00795277 -0.0353962 0.00358516 0.00358516 0.00795277
  0.252689 -0.0785176 0.0176412 -0.0785176 0.00795277 0.0176412 -0.0785176 0.00795277 0.00795277 0.0176412
face_integral[2] [size=10]: 1.34526 -0.418011 0.0939181 -0.418011 0.0423389 0.0939181 -0.418011 0.0423389 0.0423389 0.0939181
face_mass_matrix[3] [shape=10x10]
  5.11869 -1.59052 0.357356 -1.59052 0.161098 0.357356 -1.59052 0.161098 0.161098 0.357356
  -1.59052 0.49422 -0.111041 0.49422 -0.0500579 -0.111041 0.49422 -0.0500579 -0.0500579 -0.111041
  0.357356 -0.111041 0.0249484 -0.111041 0.0112469 0.0249484 -0.111041 0.0112469 0.0112469 0.0249484
  -1.59052 0.49422 -0.111041 0.49422 -0.0500579 -0.111041 0.49422 -0.0500579 -0.0500579 -0.111041
  0.161098 -0.0500579 0.0112469 -0.0500579 0.00507019 0.0112469 -0.0500579 0.00507019 0.00507019 0.0112469
  0.357356 -0.111041 0.0249484 -0.111041 0.0112469 0.0249484 -0.111041 0.0112469 0.0112469 0.0249484
  -1.59052 0.49422 -0.111041 0.49422 -0.0500579 -0.111041 0.49422 -0.0500579 -0.0500579 -0.111041
  0.161098 -0.0500579 0.0112469 -0.0500579 0.00507019 0.0112469 -0.0500579 0.00507019 0.00507019 0.0112469
  0.161098 -0.0500579 0.0112469 -0.0500579 0.00507019 0.0112469 -0.0500579 0.00507019 0.00507019 0.0112469
  0.357356 -0.111041 0.0249484 -0.111041 0.0112469 0.0249484 -0.111041 0.0112469 0.0112469 0.0249484
face_integral[3] [size=10]: 1.90249 -0.591157 0.13282 -0.591157 0.0598762 0.13282 -0.591157 0.0598762 0.0598762 0.13282
face_coupling[0]: face_id=3, neighbor=0, attr=0
  coupling [shape=10x10]
  5.11869 -1.59052 0.357356 -1.59052 0.161098 0.357356 -1.59052 0.161098 0.161098 0.357356
  -1.59052 0.49422 -0.111041 0.49422 -0.0500579 -0.111041 0.49422 -0.0500579 -0.0500579 -0.111041
  0.357356 -0.111041 0.0249484 -0.111041 0.0112469 0.0249484 -0.111041 0.0112469 0.0112469 0.0249484
  -1.59052 0.49422 -0.111041 0.49422 -0.0500579 -0.111041 0.49422 -0.0500579 -0.0500579 -0.111041
  0.161098 -0.0500579 0.0112469 -0.0500579 0.00507019 0.0112469 -0.0500579 0.00507019 0.00507019 0.0112469
  0.357356 -0.111041 0.0249484 -0.111041 0.0112469 0.0249484 -0.111041 0.0112469 0.0112469 0.0249484
  -1.59052 0.49422 -0.111041 0.49422 -0.0500579 -0.111041 0.49422 -0.0500579 -0.0500579 -0.111041
  0.161098 -0.0500579 0.0112469 -0.0500579 0.00507019 0.0112469 -0.0500579 0.00507019 0.00507019 0.0112469
  0.161098 -0.0500579 0.0112469 -0.0500579 0.00507019 0.0112469 -0.0500579 0.00507019 0.00507019 0.0112469
  0.357356 -0.111041 0.0249484 -0.111041 0.0112469 0.0249484 -0.111041 0.0112469 0.0112469 0.0249484
face_coupling[1]: face_id=4, neighbor=-1, attr=1
  isothermal_rhs [size=10]: 1.34526 -0.418011 0.0939181 -0.418011 0.0423389 0.0939181 -0.418011 0.0423389 0.0423389 0.0939181
face_coupling[2]: face_id=5, neighbor=-1, attr=1
  isothermal_rhs [size=10]: 1.34526 -0.418011 0.0939181 -0.418011 0.0423389 0.0939181 -0.418011 0.0423389 0.0423389 0.0939181
face_coupling[3]: face_id=6, neighbor=2, attr=0
  coupling [shape=10x10]
  5.11869 -1.59052 0.357356 -1.59052 0.161098 0.357356 -1.59052 0.161098 0.161098 0.357356
  -1.59052 0.49422 -0.111041 0.49422 -0.0500579 -0.111041 0.49422 -0.0500579 -0.0500579 -0.111041
  0.357356 -0.111041 0.0249484 -0.111041 0.0112469 0.0249484 -0.111041 0.0112469 0.0112469 0.0249484
  -1.59052 0.49422 -0.111041 0.49422 -0.0500579 -0.111041 0.49422 -0.0500579 -0.0500579 -0.111041
  0.161098 -0.0500579 0.0112469 -0.0500579 0.00507019 0.0112469 -0.0500579 0.00507019 0.00507019 0.0112469
  0.357356 -0.111041 0.0249484 -0.111041 0.0112469 0.0249484 -0.111041 0.0112469 0.0112469 0.0249484
  -1.59052 0.49422 -0.111041 0.49422 -0.0500579 -0.111041 0.49422 -0.0500579 -0.0500579 -0.111041
  0.161098 -0.0500579 0.0112469 -0.0500579 0.00507019 0.0112469 -0.0500579 0.00507019 0.00507019 0.0112469
  0.161098 -0.0500579 0.0112469 -0.0500579 0.00507019 0.0112469 -0.0500579 0.00507019 0.00507019 0.0112469
  0.357356 -0.111041 0.0249484 -0.111041 0.0112469 0.0249484 -0.111041 0.0112469 0.0112469 0.0249484

=== Element 2 ===
basis_integrals [size=10]: 0.0104503 0.0208109 0.0104503 0.0208109 0.0208109 0.0104503 0.0208109 0.0208109 0.0208109 0.0104503
mass_matrix [shape=10x10]
  0.0129585 -0.00139833 0.000530975 -0.00139833 3.1299e-05 0.000530975 -0.00139833 3.1299e-05 3.1299e-05 0.000530975
  -0.00139833 0.0218397 -0.00139833 0.000610171 0.000610171 3.1299e-05 0.000610171 0.000610171 -0.000735367 3.1299e-05
  0.000530975 -0.00139833 0.0129585 3.1299e-05 -0.00139833 0.000530975 3.1299e-05 -0.00139833 3.1299e-05 0.000530975
  -0.00139833 0.000610171 3.1299e-05 0.0218397 0.000610171 -0.00139833 0.000610171 -0.000735367 0.000610171 3.1299e-05
  3.1299e-05 0.000610171 -0.00139833 0.000610171 0.0218397 -0.00139833 -0.000735367 0.000610171 0.000610171 3.1299e-05
  0.000530975 3.1299e-05 0.000530975 -0.00139833 -0.00139833 0.0129585 3.1299e-05 3.1299e-05 -0.00139833 0.000530975
  -0.00139833 0.000610171 3.1299e-05 0.000610171 -0.000735367 3.1299e-05 0.0218397 0.000610171 0.000610171 -0.00139833
  3.1299e-05 0.000610171 -0.00139833 -0.000735367 0.000610171 3.1299e-05 0.000610171 0.0218397 0.000610171 -0.00139833
  3.1299e-05 -0.000735367 3.1299e-05 0.000610171 0.000610171 -0.00139833 0.000610171 0.000610171 0.0218397 -0.00139833
  0.000530975 3.1299e-05 0.000530975 3.1299e-05 3.1299e-05 0.000530975 -0.00139833 -0.00139833 -0.00139833 0.0129585
stiffness_matrix_dim0 [shape=10x10]
  0.0521954 0.0311901 -0.0173985 0.0311901 -0.0311901 -0.0173985 0.0311901 -0.0311901 -0.0311901 -0.0173985
  -0.000866254 0.0641128 0.0687277 0.00173251 0.0641128 -0.000866254 0.00173251 0.0641128 0.00173251 -0.000866254
  4.72808e-18 4.78983e-19 -1.8438e-17 8.27188e-18 -2.80781e-18 1.49401e-18 1.58059e-17 6.74099e-18 9.29831e-18 6.5243e-18
  -0.0695939 -0.0623803 -2.68791e-17 -5.38053e-17 0.0623803 0.0695939 -0.0623803 4.63311e-17 0.0623803 1.03253e-17
  0.000866254 -0.0641128 -0.0687277 -0.00173251 -0.0641128 0.000866254 -0.00173251 -0.0641128 -0.00173251 0.000866254
  0.0173985 0.0311901 0.0173985 -0.0311901 -0.0311901 -0.0521954 0.0311901 0.0311901 -0.0311901 0.0173985
  -0.000866254 0.00173251 -0.000866254 0.00173251 0.00173251 -0.000866254 0.0641128 0.0641128 0.0641128 0.0687277
  -2.0012e-18 -4.36218e-18 -1.72913e-18 -6.0485e-18 -1.18229e-17 -5.97665e-18 3.16088e-17 1.90589e-17 2.78439e-17 1.77287e-17
  0.000866254 -0.00173251 0.000866254 -0.00173251 -0.00173251 0.000866254 -0.0641128 -0.0641128 -0.0641128 -0.0687277
  6.4163e-18 3.8619e-18 -3.96667e-18 4.18882e-18 -5.18232e-18 4.64109e-18 1.27376e-17 4.02649e-18 6.33353e-18 1.61143e-17
stiffness_matrix_dim1 [shape=10x10]
  8.34271e-18 1.24353e-17 -1.19338e-18 3.94752e-18 -1.75465e-18 -2.02978e-18 1.39568e-17 1.88011e-17 2.61329e-17 1.10363e-17
  -0.0687277 -0.0641128 0.000866254 -0.0641128 -0.00173251 0.000866254 -0.0641128 -0.00173251 -0.00173251 0.000866254
  0.0173985 -0.0311901 -0.0521954 0.0311901 -0.0311901 0.0173985 0.0311901 -0.0311901 0.0311901 0.0173985
  8.02666e-18 3.01138e-17 3.97985e-17 -3.26899e-17 7.15134e-18 -4.98897e-17 -3.41042e-17 -1.40376e-17 -5.64075e-17 -8.28068e-17
  0.000866254 -0.00173251 0.000866254 -0.0641128 -0.0641128 -0.0687277 -0.00173251 -0.00173251 -0.0641128 0.000866254
  6.41663e-19 5.88896e-19 -1.19266e-17 1.15432e-17 2.85214e-18 2.05932e-18 9.69789e-18 -3.3225e-18 1.49953e-17 1.9506e-17
  0.0687277 0.0641128 -0.000866254 0.0641128 0.00173251 -0.000866254 0.0641128 0.00173251 0.00173251 -0.000866254
  5.20417e-18 0.0623803 0.0695939 3.1225e-17 0.0623803 -5.89806e-17 -0.0623803 -1.04083e-17 -0.0623803 -0.0695939
  -0.000866254 0.00173251 -0.000866254 0.0641128 0.0641128 0.0687277 0.00173251 0.00173251 0.0641128 -0.000866254
  -0.0173985 -0.0311901 -0.0173985 -0.0311901 -0.0311901 -0.0173985 0.0311901 0.0311901 0.0311901 0.0521954
stiffness_matrix_dim2 [shape=10x10]
  9.56181e-19 1.03471e-17 5.94157e-18 2.518e-18 7.2148e-18 1.01827e-17 -1.66335e-17 9.15612e-18 -1.44926e-17 -4.74044e-18
  -1.36483e-17 1.14125e-17 -1.95857e-18 -3.07e-17 -6.86025e-18 -1.38901e-17 1.53248e-17 3.58688e-17 4.30275e-18 -1.97989e-18
  8.40421e-18 -3.36377e-18 1.18743e-18 5.07512e-19 -4.63078e-18 -1.54721e-18 -1.11997e-17 -1.84534e-17 -2.20034e-18 -2.11163e-18
  0.0687277 0.0641128 -0.000866254 0.0641128 0.00173251 -0.000866254 0.0641128 0.00173251 0.00173251 -0.000866254
  -0.000866254 0.0641128 0.0687277 0.00173251 0.0641128 -0.000866254 0.00173251 0.0641128 0.00173251 -0.000866254
  -0.0173985 -0.0311901 -0.0173985 0.0311901 0.0311901 0.0521954 -0.0311901 -0.0311901 0.0311901 -0.0173985
  -0.0687277 -0.0641128 0.000866254 -0.0641128 -0.00173251 0.000866254 -0.0641128 -0.00173251 -0.00173251 0.000866254
  0.000866254 -0.0641128 -0.0687277 -0.00173251 -0.0641128 0.000866254 -0.00173251 -0.0641128 -0.00173251 0.000866254
  6.97979e-18 -2.68552e-17 -5.0374e-18 -0.0623803 -0.0623803 -0.0695939 0.0623803 0.0623803 -2.79866e-18 0.0695939
  0.0173985 0.0311901 0.0173985 0.0311901 0.0311901 0.0173985 -0.0311901 -0.0311901 -0.0311901 -0.0521954
face_mass_matrix[0] [shape=10x10]
  5.11869 -1.59052 0.357356 -1.59052 0.161098 0.357356 -1.59052 0.161098 0.161098 0.357356
  -1.59052 0.49422 -0.111041 0.49422 -0.0500579 -0.111041 0.49422 -0.0500579 -0.0500579 -0.111041
  0.357356 -0.111041 0.0249484 -0.111041 0.0112469 0.0249484 -0.111041 0.0112469 0.0112469 0.0249484
  -1.59052 0.49422 -0.111041 0.49422 -0.0500579 -0.111041 0.49422 -0.0500579 -0.0500579 -0.111041
  0.161098 -0.0500579 0.0112469 -0.0500579 0.00507019 0.0112469 -0.0500579 0.00507019 0.00507019 0.0112469
  0.357356 -0.111041 0.0249484 -0.111041 0.0112469 0.0249484 -0.111041 0.0112469 0.0112469 0.0249484
  -1.59052 0.49422 -0.111041 0.49422 -0.0500579 -0.111041 0.49422 -0.0500579 -0.0500579 -0.111041
  0.161098 -0.0500579 0.0112469 -0.0500579 0.00507019 0.0112469 -0.0500579 0.00507019 0.00507019 0.0112469
  0.161098 -0.0500579 0.0112469 -0.0500579 0.00507019 0.0112469 -0.0500579 0.00507019 0.00507019 0.0112469
  0.357356 -0.111041 0.0249484 -0.111041 0.0112469 0.0249484 -0.111041 0.0112469 0.0112469 0.0249484
face_integral[0] [size=10]: 1.90249 -0.591157 0.13282 -0.591157 0.0598762 0.13282 -0.591157 0.0598762 0.0598762 0.13282
face_mass_matrix[1] [shape=10x10]
  3.61946 -1.12467 0.252689 -1.12467 0.113914 0.252689 -1.12467 0.113914 0.113914 0.252689
  -1.12467 0.349467 -0.0785176 0.349467 -0.0353962 -0.0785176 0.349467 -0.0353962 -0.0353962 -0.0785176
  0.252689 -0.0785176 0.0176412 -0.0785176 0.00795277 0.0176412 -0.0785176 0.00795277 0.00795277 0.0176412
  -1.12467 0.349467 -0.0785176 0.349467 -0.0353962 -0.0785176 0.349467 -0.0353962 -0.0353962 -0.0785176
  0.113914 -0.0353962 0.00795277 -0.0353962 0.00358516 0.00795277 -0.0353962 0.00358516 0.00358516 0.00795277
  0.252689 -0.0785176 0.0176412 -0.0785176 0.00795277 0.0176412 -0.0785176 0.00795277 0.00795277 0.0176412
  -1.12467 0.349467 -0.0785176 0.349467 -0.0353962 -0.0785176 0.349467 -0.0353962 -0.0353962 -0.0785176
  0.113914 -0.0353962 0.00795277 -0.0353962 0.00358516 0.00795277 -0.0353962 0.00358516 0.00358516 0.00795277
  0.113914 -0.0353962 0.00795277 -0.0353962 0.00358516 0.00795277 -0.0353962 0.00358516 0.00358516 0.00795277
  0.252689 -0.0785176 0.0176412 -0.0785176 0.00795277 0.0176412 -0.0785176 0.00795277 0.00795277 0.0176412
face_integral[1] [size=10]: 1.34526 -0.418011 0.0939181 -0.418011 0.0423389 0.0939181 -0.418011 0.0423389 0.0423389 0.0939181
face_mass_matrix[2] [shape=10x10]
  3.61946 -1.12467 0.252689 -1.12467 0.113914 0.252689 -1.12467 0.113914 0.113914 0.252689
  -1.12467 0.349467 -0.0785176 0.349467 -0.0353962 -0.0785176 0.349467 -0.0353962 -0.0353962 -0.0785176
  0.252689 -0.0785176 0.0176412 -0.0785176 0.00795277 0.0176412 -0.0785176 0.00795277 0.00795277 0.0176412
  -1.12467 0.349467 -0.0785176 0.349467 -0.0353962 -0.0785176 0.349467 -0.0353962 -0.0353962 -0.0785176
  0.113914 -0.0353962 0.00795277 -0.0353962 0.00358516 0.00795277 -0.0353962 0.00358516 0.00358516 0.00795277
  0.252689 -0.0785176 0.0176412 -0.0785176 0.00795277 0.0176412 -0.0785176 0.00795277 0.00795277 0.0176412
  -1.12467 0.349467 -0.0785176 0.349467 -0.0353962 -0.0785176 0.349467 -0.0353962 -0.0353962 -0.0785176
  0.113914 -0.0353962 0.00795277 -0.0353962 0.00358516 0.00795277 -0.0353962 0.00358516 0.00358516 0.00795277
  0.113914 -0.0353962 0.00795277 -0.0353962 0.00358516 0.00795277 -0.0353962 0.00358516 0.00358516 0.00795277
  0.252689 -0.0785176 0.0176412 -0.0785176 0.00795277 0.0176412 -0.0785176 0.00795277 0.00795277 0.0176412
face_integral[2] [size=10]: 1.34526 -0.418011 0.0939181 -0.418011 0.0423389 0.0939181 -0.418011 0.0423389 0.0423389 0.0939181
face_mass_matrix[3] [shape=10x10]
  5.11869 -1.59052 0.357356 -1.59052 0.161098 0.357356 -1.59052 0.161098 0.161098 0.357356
  -1.59052 0.49422 -0.111041 0.49422 -0.0500579 -0.111041 0.49422 -0.0500579 -0.0500579 -0.111041
  0.357356 -0.111041 0.0249484 -0.111041 0.0112469 0.0249484 -0.111041 0.0112469 0.0112469 0.0249484
  -1.59052 0.49422 -0.111041 0.49422 -0.0500579 -0.111041 0.49422 -0.0500579 -0.0500579 -0.111041
  0.161098 -0.0500579 0.0112469 -0.0500579 0.00507019 0.0112469 -0.0500579 0.00507019 0.00507019 0.0112469
  0.357356 -0.111041 0.0249484 -0.111041 0.0112469 0.0249484 -0.111041 0.0112469 0.0112469 0.0249484
  -1.59052 0.49422 -0.111041 0.49422 -0.0500579 -0.111041 0.49422 -0.0500579 -0.0500579 -0.111041
  0.161098 -0.0500579 0.0112469 -0.0500579 0.00507019 0.0112469 -0.0500579 0.00507019 0.00507019 0.0112469
  0.161098 -0.0500579 0.0112469 -0.0500579 0.00507019 0.0112469 -0.0500579 0.00507019 0.00507019 0.0112469
  0.357356 -0.111041 0.0249484 -0.111041 0.0112469 0.0249484 -0.111041 0.0112469 0.0112469 0.0249484
face_integral[3] [size=10]: 1.90249 -0.591157 0.13282 -0.591157 0.0598762 0.13282 -0.591157 0.0598762 0.0598762 0.13282
face_coupling[0]: face_id=6, neighbor=1, attr=0
  coupling [shape=10x10]
  5.11869 -1.59052 0.357356 -1.59052 0.161098 0.357356 -1.59052 0.161098 0.161098 0.357356
  -1.59052 0.49422 -0.111041 0.49422 -0.0500579 -0.111041 0.49422 -0.0500579 -0.0500579 -0.111041
  0.357356 -0.111041 0.0249484 -0.111041 0.0112469 0.0249484 -0.111041 0.0112469 0.0112469 0.0249484
  -1.59052 0.49422 -0.111041 0.49422 -0.0500579 -0.111041 0.49422 -0.0500579 -0.0500579 -0.111041
  0.161098 -0.0500579 0.0112469 -0.0500579 0.00507019 0.0112469 -0.0500579 0.00507019 0.00507019 0.0112469
  0.357356 -0.111041 0.0249484 -0.111041 0.0112469 0.0249484 -0.111041 0.0112469 0.0112469 0.0249484
  -1.59052 0.49422 -0.111041 0.49422 -0.0500579 -0.111041 0.49422 -0.0500579 -0.0500579 -0.111041
  0.161098 -0.0500579 0.0112469 -0.0500579 0.00507019 0.0112469 -0.0500579 0.00507019 0.00507019 0.0112469
  0.161098 -0.0500579 0.0112469 -0.0500579 0.00507019 0.0112469 -0.0500579 0.00507019 0.00507019 0.0112469
  0.357356 -0.111041 0.0249484 -0.111041 0.0112469 0.0249484 -0.111041 0.0112469 0.0112469 0.0249484
face_coupling[1]: face_id=7, neighbor=-1, attr=1
  isothermal_rhs [size=10]: 1.34526 -0.418011 0.0939181 -0.418011 0.0423389 0.0939181 -0.418011 0.0423389 0.0423389 0.0939181
face_coupling[2]: face_id=8, neighbor=-1, attr=1
  isothermal_rhs [size=10]: 1.34526 -0.418011 0.0939181 -0.418011 0.0423389 0.0939181 -0.418011 0.0423389 0.0423389 0.0939181
face_coupling[3]: face_id=9, neighbor=3, attr=0
  coupling [shape=10x10]
  5.11869 -1.59052 0.357356 -1.59052 0.161098 0.357356 -1.59052 0.161098 0.161098 0.357356
  -1.59052 0.49422 -0.111041 0.49422 -0.0500579 -0.111041 0.49422 -0.0500579 -0.0500579 -0.111041
  0.357356 -0.111041 0.0249484 -0.111041 0.0112469 0.0249484 -0.111041 0.0112469 0.0112469 0.0249484
  -1.59052 0.49422 -0.111041 0.49422 -0.0500579 -0.111041 0.49422 -0.0500579 -0.0500579 -0.111041
  0.161098 -0.0500579 0.0112469 -0.0500579 0.00507019 0.0112469 -0.0500579 0.00507019 0.00507019 0.0112469
  0.357356 -0.111041 0.0249484 -0.111041 0.0112469 0.0249484 -0.111041 0.0112469 0.0112469 0.0249484
  -1.59052 0.49422 -0.111041 0.49422 -0.0500579 -0.111041 0.49422 -0.0500579 -0.0500579 -0.111041
  0.161098 -0.0500579 0.0112469 -0.0500579 0.00507019 0.0112469 -0.0500579 0.00507019 0.00507019 0.0112469
  0.161098 -0.0500579 0.0112469 -0.0500579 0.00507019 0.0112469 -0.0500579 0.00507019 0.00507019 0.0112469
  0.357356 -0.111041 0.0249484 -0.111041 0.0112469 0.0249484 -0.111041 0.0112469 0.0112469 0.0249484

=== Element 3 ===
basis_integrals [size=10]: 0.0104503 0.0208109 0.0104503 0.0208109 0.0208109 0.0104503 0.0208109 0.0208109 0.0208109 0.0104503
mass_matrix [shape=10x10]
  0.0129585 -0.00139833 0.000530975 -0.00139833 3.1299e-05 0.000530975 -0.00139833 3.1299e-05 3.1299e-05 0.000530975
  -0.00139833 0.0218397 -0.00139833 0.000610171 0.000610171 3.1299e-05 0.000610171 0.000610171 -0.000735367 3.1299e-05
  0.000530975 -0.00139833 0.0129585 3.1299e-05 -0.00139833 0.000530975 3.1299e-05 -0.00139833 3.1299e-05 0.000530975
  -0.00139833 0.000610171 3.1299e-05 0.0218397 0.000610171 -0.00139833 0.000610171 -0.000735367 0.000610171 3.1299e-05
  3.1299e-05 0.000610171 -0.00139833 0.000610171 0.0218397 -0.00139833 -0.000735367 0.000610171 0.000610171 3.1299e-05
  0.000530975 3.1299e-05 0.000530975 -0.00139833 -0.00139833 0.0129585 3.1299e-05 3.1299e-05 -0.00139833 0.000530975
  -0.00139833 0.000610171 3.1299e-05 0.000610171 -0.000735367 3.1299e-05 0.0218397 0.000610171 0.000610171 -0.00139833
  3.1299e-05 0.000610171 -0.00139833 -0.000735367 0.000610171 3.1299e-05 0.000610171 0.0218397 0.000610171 -0.00139833
  3.1299e-05 -0.000735367 3.1299e-05 0.000610171 0.000610171 -0.00139833 0.000610171 0.000610171 0.0218397 -0.00139833
  0.000530975 3.1299e-05 0.000530975 3.1299e-05 3.1299e-05 0.000530975 -0.00139833 -0.00139833 -0.00139833 0.0129585
stiffness_matrix_dim0 [shape=10x10]
  0.0521954 0.0311901 -0.0173985 0.0311901 -0.0311901 -0.0173985 0.0311901 -0.0311901 -0.0311901 -0.0173985
  -0.000866254 0.0641128 0.0687277 0.00173251 0.0641128 -0.000866254 0.00173251 0.0641128 0.00173251 -0.000866254
  1.31323e-17 -2.88479e-18 -1.72506e-17 8.77939e-18 -7.43859e-18 -5.32017e-20 4.60624e-18 -1.17124e-17 7.09797e-18 4.41267e-18
  -0.000866254 0.00173251 -0.000866254 0.0641128 0.0641128 0.0687277 0.00173251 0.00173251 0.0641128 -0.000866254
  1.29759e-17 1.8416e-17 3.39113e-18 1.88886e-17 2.43557e-17 2.19744e-18 -5.22602e-18 -1.69657e-19 3.98096e-18 -2.25498e-17
  7.8605e-18 5.98138e-18 1.40229e-17 -1.07844e-17 -5.36951e-18 -1.20184e-17 -4.68327e-18 3.01556e-18 -1.04776e-17 -5.51285e-18
  -0.0695939 -0.0623803 -1.61148e-17 -0.0623803 1.41702e-17 1.40561e-17 -6.84715e-17 0.0623803 0.0623803 0.0695939
  0.000866254 -0.0641128 -0.0687277 -0.00173251 -0.0641128 0.000866254 -0.00173251 -0.0641128 -0.00173251 0.000866254
  0.000866254 -0.00173251 0.000866254 -0.0641128 -0.0641128 -0.0687277 -0.00173251 -0.00173251 -0.0641128 0.000866254
  0.0173985 0.0311901 0.0173985 0.0311901 0.0311901 0.0173985 -0.0311901 -0.0311901 -0.0311901 -0.0521954
stiffness_matrix_dim1 [shape=10x10]
  -9.56181e-19 -1.03471e-17 -5.94157e-18 -2.518e-18 -7.2148e-18 -1.01827e-17 1.66335e-17 -9.15612e-18 1.44926e-17 4.74044e-18
  1.36483e-17 -1.14125e-17 1.95857e-18 3.07e-17 6.86025e-18 1.38901e-17 -1.53248e-17 -3.58688e-17 -4.30275e-18 1.97989e-18
  -8.40421e-18 3.36377e-18 -1.18743e-18 -5.07512e-19 4.63078e-18 1.54721e-18 1.11997e-17 1.84534e-17 2.20034e-18 2.11163e-18
  -0.0687277 -0.0641128 0.000866254 -0.0641128 -0.00173251 0.000866254 -0.0641128 -0.00173251 -0.00173251 0.000866254
  0.000866254 -0.0641128 -0.0687277 -0.00173251 -0.0641128 0.000866254 -0.00173251 -0.0641128 -0.00173251 0.000866254
